100
STEP=1
Ar 27.389769097238354 0.5280380952781638 16.660549531330755
Ar 23.185568167619053 22.342541941111342 6.66122466186062
Ar 4.048830136982899 29.60173010539059 29.71214251017531
Ar 17.962110047641737 13.03505855187795 20.77825015102884
Ar 33.04546528090164 20.60411112353636 1.6556233809795076
Ar 11.884528453948977 20.90569381665792 9.978255885218708
Ar 23.719963324106864 8.517151374570492 25.245523477578853
Ar 5.832510849543171 22.44514999866102 28.42065127354188
Ar 17.47114679579388 32.60279122556528 20.920046194060447
Ar 20.45919336975488 21.543701925755634 33.57553367795718
Ar 2.541455954385504 1.647331959482758 27.163910425448393
Ar 27.458214585959226 33.157726328544534 25.695937759117967
Ar 17.940646493881104 6.5668940087545895 4.26927060890276
Ar 16.67081500911067 24.796256798245775 6.660640564607267
Ar 5.917539264675375 6.1405880142993565 29.575708447398505
Ar 6.640573540910572 5.168118151006637 12.18863348808441
Ar 11.057825706201871 1.6611067668952668 10.24970866954444
Ar 25.547514342247677 1.7618698693357726 31.079977765677544
Ar 2.7914612266896475 23.158890710370652 22.89717567088311
Ar 22.329636413792795 30.52693389771483 23.444894913206607
Ar 17.204652615662646 32.55641235540787 27.66137106835193
Ar 6.812847056288513 6.241154460993071 6.9257778599759225
Ar 8.92234280697344 8.990028191709763 10.241796170054629
Ar 30.347978394429408 17.422077691652586 1.8347354332602361
Ar 12.746305196089159 16.73966464606499 24.113940926808045
Ar 13.07090892113476 6.326586400231777 23.241055222876646
Ar 10.339681211584583 19.73792032587904 23.20359002187212
Ar 19.19587929316582 13.244595503628712 2.571075528487109
Ar 29.860042695866465 9.357302322021127 28.546896113701717
Ar 26.639549118661623 17.817299226442298 21.968138339909828
Ar 6.238938446858731 26.726442817504758 31.34395713288774
Ar 24.71787545160286 32.3524374288359 10.493764655145315
Ar 3.94473366337913 23.652634842270622 2.247258186431228
Ar 19.038243901179438 8.312355125554811 25.924773159437564
Ar 32.52782996494572 29.1254673753663 11.103437734942242
Ar 9.916848990139592 16.37211937023995 4.922299538545413
Ar 11.748079773217261 30.644561886597128 23.617748909457728
Ar 11.07360555556295 21.829643941549772 21.414698220629084
Ar 27.6631636420667 14.03809772613332 27.850805358110645
Ar 16.18301332936223 25.451718700146387 24.119265827231974
Ar 16.251442946205344 16.670749282252824 21.34940460891208
Ar 5.575107256510487 6.285751686178717 13.127331609406239
Ar 12.782110384804172 19.617321356968528 25.885323420172647
Ar 3.1862731056778992 12.24795749375422 0.055779956108163775
Ar 21.78058655050742 20.048544440287003 6.761710616657682
Ar 11.932479021186804 10.100680536897318 19.500370820190753
Ar 16.648983424744863 27.273161645837884 3.02504274092791
Ar 7.310137320175558 10.640479916021324 4.8003321306659315
Ar 9.649112115728112 15.283048153229972 1.9420929277760879
Ar 33.1519395624176 33.22631688230404 1.183211416351265
Ar 22.608841470374397 13.192739215962195 20.268019602514002
Ar 18.057820390758057 4.860692144511821 5.328814382555736
Ar 9.919417508885644 1.2964121854727146 3.351747606121515
Ar 32.879496449295885 32.64898994944906 17.985829517438404
Ar 32.84902153362807 3.907676096127357 1.1562987182388493
Ar 28.642211224584244 6.79960846727928 20.131408879944335
Ar 21.000001142887903 14.906872569006175 0.3170479493180438
Ar 15.380398324181337 21.926083260891865 10.888184642847177
Ar 13.784001129758161 24.284127002199096 1.4025060716197129
Ar 28.207018470825204 3.3683354974364357 29.06127000433362
Ar 10.872775418324103 12.577774378055308 20.890537083876055
Ar 9.563409788619305 7.222695943739253 28.12463162266628
Ar 26.44010311919815 3.1018125417265927 24.410778722660844
Ar 32.07086654177799 12.87002924712338 17.66088066431952
Ar 22.413550985365177 10.020637128835162 5.744497359675095
Ar 24.33418458345866 11.543389787442738 23.422842674869536
Ar 21.170986448244243 28.492548446574045 26.651558956998663
Ar 1.995755925352992 1.5772907053038019 6.651101842020829
Ar 31.815306682019312 26.814365387157043 15.156910157641438
Ar 29.089739407713623 0.18913204634914438 14.595965598610217
Ar 20.169004368526714 21.90860014221653 28.253727418498134
Ar 31.69115929791193 3.168662410606583 14.71880781210075
Ar 2.100213388187786 24.410582661840426 9.72732720168912
Ar 32.14766245777075 2.1000526536189454 32.25520218337727
Ar 8.312086987518372 7.873775260270389 27.119658892457455
Ar 1.0180123527092144 20.361694657554768 22.482340415959058
Ar 11.143241935926705 32.225220558753925 25.60765482598334
Ar 25.96287635696295 22.85281953262361 6.47233463005402
Ar 24.79820696212565 2.326797171952996 17.502247440645917
Ar 0.9305919352076759 22.30323711994371 10.712745313180646
Ar 2.0893537158383158 13.608123140670038 32.714153630159075
Ar 4.053754166544188e-05 31.630588575042964 3.2362787169727163
Ar 32.92135017427908 30.498644056435904 28.38569564409635
Ar 22.997072749371448 31.8340961603571 17.496640980491172
Ar 13.611000913691134 14.727377605136175 19.485347206969656
Ar 28.88571351364792 22.70872288613233 11.056003174972918
Ar 5.0540655325504 20.194813196483665 32.212461934277734
Ar 32.13580446756871 32.56912263939354 32.65850715357679
Ar 10.339290360094534 15.307464711069427 22.665769813372357
Ar 29.282135742057207 16.668262393458587 0.17220002196180517
Ar 16.56205815268094 1.712252889004089 33.256020663605
Ar 28.62338790861274 2.5353118356551767 15.148620828728728
Ar 14.81605678262067 32.24975424528408 20.74335994201353
Ar 8.06776828641317 24.91439050197372 31.231043901509615
Ar 21.283494754532015 29.50073251826191 3.68958491210282
Ar 15.949973829598747 14.462821990030783 31.73778008161284
Ar 28.853391248906373 19.366457986292176 17.116966081794143
Ar 10.082226293036872 2.24569950536101 19.502222059246524
Ar 13.862230254884093 0.5660630804576277 4.448244766419511
Ar 7.012989465945115 21.949604802823796 7.04238704809242
100
STEP=2
Ar 27.389769097238354 0.5280380952781638 16.660549531330755
Ar 23.185568167619053 22.342541941111342 6.66122466186062
Ar 4.048830136982899 29.60173010539059 29.71214251017531
Ar 17.962110047641737 13.03505855187795 20.77825015102884
Ar 33.04546528090164 20.60411112353636 1.6556233809795076
Ar 11.744619431495025 20.906660761894756 10.206016503106108
Ar 23.995674693512363 8.581284911100353 25.088103157568366
Ar 5.832510849543171 22.44514999866102 28.42065127354188
Ar 17.47114679579388 32.60279122556528 20.920046194060447
Ar 20.45919336975488 21.543701925755634 33.57553367795718
Ar 2.541455954385504 1.647331959482758 27.163910425448393
Ar 27.458214585959226 33.157726328544534 25.695937759117967
Ar 17.940646493881104 6.5668940087545895 4.26927060890276
Ar 16.67081500911067 24.796256798245775 6.660640564607267
Ar 5.917539264675375 6.1405880142993565 29.575708447398505
Ar 6.640573540910572 5.168118151006637 12.18863348808441
Ar 11.057825706201871 1.6611067668952668 10.24970866954444
Ar 25.547514342247677 1.7618698693357726 31.079977765677544
Ar 2.7914612266896475 23.158890710370652 22.89717567088311
Ar 22.114374891700955 30.708851725829298 23.838733667306037
Ar 17.204652615662646 32.55641235540787 27.66137106835193
Ar 6.812847056288513 6.241154460993071 6.9257778599759225
Ar 8.92234280697344 8.990028191709763 10.241796170054629
Ar 30.347978394429408 17.422077691652586 1.8347354332602361
Ar 12.746305196089159 16.73966464606499 24.113940926808045
Ar 13.494583418050073 5.971834631571737 23.331553919098326
Ar 10.339681211584583 19.73792032587904 23.20359002187212
Ar 19.19587929316582 13.244595503628712 2.571075528487109
Ar 30.160501433435076 9.02623481355073 28.99860498185729
Ar 26.639549118661623 17.817299226442298 21.968138339909828
Ar 6.215944831823037 26.696981888698435 31.113375561546786
Ar 24.71787545160286 32.3524374288359 10.493764655145315
Ar 3.94473366337913 23.652634842270622 2.247258186431228
Ar 19.038243901179438 8.312355125554811 25.924773159437564
Ar 32.52782996494572 29.1254673753663 11.103437734942242
Ar 9.916848990139592 16.37211937023995 4.922299538545413
Ar 11.748079773217261 30.644561886597128 23.617748909457728
Ar 11.07360555556295 21.829643941549772 21.414698220629084
Ar 27.6631636420667 14.03809772613332 27.850805358110645
Ar 16.18301332936223 25.451718700146387 24.119265827231974
Ar 16.251442946205344 16.670749282252824 21.34940460891208
Ar 5.575107256510487 6.285751686178717 13.127331609406239
Ar 12.782110384804172 19.617321356968528 25.885323420172647
Ar 3.1862731056778992 12.24795749375422 0.055779956108163775
Ar 21.78058655050742 20.048544440287003 6.761710616657682
Ar 11.932479021186804 10.100680536897318 19.500370820190753
Ar 16.648983424744863 27.273161645837884 3.02504274092791
Ar 7.310137320175558 10.640479916021324 4.8003321306659315
Ar 9.649112115728112 15.283048153229972 1.9420929277760879
Ar 33.1519395624176 33.22631688230404 1.183211416351265
Ar 22.608841470374397 13.192739215962195 20.268019602514002
Ar 18.057820390758057 4.860692144511821 5.328814382555736
Ar 9.919417508885644 1.2964121854727146 3.351747606121515
Ar 32.879496449295885 32.64898994944906 17.985829517438404
Ar 32.35543387948579 4.380918186053771 1.6358205450733232
Ar 28.642211224584244 6.79960846727928 20.131408879944335
Ar 21.000001142887903 14.906872569006175 0.3170479493180438
Ar 15.068497922677855 22.30671853615929 10.741644934679668
Ar 13.784001129758161 24.284127002199096 1.4025060716197129
Ar 28.207018470825204 3.3683354974364357 29.06127000433362
Ar 10.858897777525716 12.268586084427898 20.41023186617329
Ar 9.563409788619305 7.222695943739253 28.12463162266628
Ar 26.44010311919815 3.1018125417265927 24.410778722660844
Ar 32.07086654177799 12.87002924712338 17.66088066431952
Ar 22.413550985365177 10.020637128835162 5.744497359675095
Ar 24.33418458345866 11.543389787442738 23.422842674869536
Ar 21.170986448244243 28.492548446574045 26.651558956998663
Ar 1.995755925352992 1.5772907053038019 6.651101842020829
Ar 31.815306682019312 26.814365387157043 15.156910157641438
Ar 29.089739407713623 0.18913204634914438 14.595965598610217
Ar 20.169004368526714 21.90860014221653 28.253727418498134
Ar 31.69115929791193 3.168662410606583 14.71880781210075
Ar 2.100213388187786 24.410582661840426 9.72732720168912
Ar 32.14766245777075 2.1000526536189454 32.25520218337727
Ar 8.312086987518372 7.873775260270389 27.119658892457455
Ar 1.0180123527092144 20.361694657554768 22.482340415959058
Ar 11.143241935926705 32.225220558753925 25.60765482598334
Ar 25.96287635696295 22.85281953262361 6.47233463005402
Ar 24.79820696212565 2.326797171952996 17.502247440645917
Ar 0.9305919352076759 22.30323711994371 10.712745313180646
Ar 2.0893537158383158 13.608123140670038 32.714153630159075
Ar 4.053754166544188e-05 31.630588575042964 3.2362787169727163
Ar 32.92135017427908 30.498644056435904 28.38569564409635
Ar 22.997072749371448 31.8340961603571 17.496640980491172
Ar 13.611000913691134 14.727377605136175 19.485347206969656
Ar 28.88571351364792 22.70872288613233 11.056003174972918
Ar 5.0540655325504 20.194813196483665 32.212461934277734
Ar 32.13580446756871 32.56912263939354 32.65850715357679
Ar 10.339290360094534 15.307464711069427 22.665769813372357
Ar 29.25320716516721 16.661260011865405 0.463951747131753
Ar 16.56205815268094 1.712252889004089 33.256020663605
Ar 28.62338790861274 2.5353118356551767 15.148620828728728
Ar 14.81605678262067 32.24975424528408 20.74335994201353
Ar 8.06776828641317 24.91439050197372 31.231043901509615
Ar 21.283494754532015 29.50073251826191 3.68958491210282
Ar 15.949973829598747 14.462821990030783 31.73778008161284
Ar 28.853391248906373 19.366457986292176 17.116966081794143
Ar 10.082226293036872 2.24569950536101 19.502222059246524
Ar 13.862230254884093 0.5660630804576277 4.448244766419511
Ar 7.012989465945115 21.949604802823796 7.04238704809242
100
STEP=3
Ar 27.389769097238354 0.5280380952781638 16.660549531330755
Ar 23.185568167619053 22.342541941111342 6.66122466186062
Ar 4.048830136982899 29.60173010539059 29.71214251017531
Ar 17.962110047641737 13.03505855187795 20.77825015102884
Ar 33.31723293358331 21.031356473212522 1.4929108471493966
Ar 11.744619431495025 20.906660761894756 10.206016503106108
Ar 23.995674693512363 8.581284911100353 25.088103157568366
Ar 5.832510849543171 22.44514999866102 28.42065127354188
Ar 17.47114679579388 32.60279122556528 20.920046194060447
Ar 20.45919336975488 21.543701925755634 33.57553367795718
Ar 2.541455954385504 1.647331959482758 27.163910425448393
Ar 27.458214585959226 33.157726328544534 25.695937759117967
Ar 17.940646493881104 6.5668940087545895 4.26927060890276
Ar 16.67081500911067 24.796256798245775 6.660640564607267
Ar 5.917539264675375 6.1405880142993565 29.575708447398505
Ar 6.640573540910572 5.168118151006637 12.18863348808441
Ar 11.057825706201871 1.6611067668952668 10.24970866954444
Ar 25.547514342247677 1.7618698693357726 31.079977765677544
Ar 2.7914612266896475 23.158890710370652 22.89717567088311
Ar 22.114374891700955 30.708851725829298 23.838733667306037
Ar 17.204652615662646 32.55641235540787 27.66137106835193
Ar 6.812847056288513 6.241154460993071 6.9257778599759225
Ar 8.92234280697344 8.990028191709763 10.241796170054629
Ar 30.347978394429408 17.422077691652586 1.8347354332602361
Ar 12.417697324150136 16.254422779104935 24.352985976717612
Ar 13.973767722337705 5.507627926851356 23.66470587054506
Ar 10.806715718791217 19.44600603814974 23.348814948218926
Ar 19.19587929316582 13.244595503628712 2.571075528487109
Ar 30.160501433435076 9.02623481355073 28.99860498185729
Ar 26.639549118661623 17.817299226442298 21.968138339909828
Ar 6.215944831823037 26.696981888698435 31.113375561546786
Ar 24.59888035140095 32.58890773379368 10.116986667163932
Ar 3.94473366337913 23.652634842270622 2.247258186431228
Ar 19.038243901179438 8.312355125554811 25.924773159437564
Ar 32.52782996494572 29.1254673753663 11.103437734942242
Ar 9.916848990139592 16.37211937023995 4.922299538545413
Ar 11.748079773217261 30.644561886597128 23.617748909457728
Ar 11.07360555556295 21.829643941549772 21.414698220629084
Ar 27.6631636420667 14.03809772613332 27.850805358110645
Ar 16.18301332936223 25.451718700146387 24.119265827231974
Ar 16.251442946205344 16.670749282252824 21.34940460891208
Ar 5.575107256510487 6.285751686178717 13.127331609406239
Ar 12.782110384804172 19.617321356968528 25.885323420172647
Ar 3.1862731056778992 12.24795749375422 0.055779956108163775
Ar 21.78058655050742 20.048544440287003 6.761710616657682
Ar 11.932479021186804 10.100680536897318 19.500370820190753
Ar 16.648983424744863 27.273161645837884 3.02504274092791
Ar 7.348792025796408 10.195759874795531 5.0926084992722185
Ar 9.649112115728112 15.283048153229972 1.9420929277760879
Ar 33.1519395624176 33.22631688230404 1.183211416351265
Ar 22.608841470374397 13.192739215962195 20.268019602514002
Ar 18.057820390758057 4.860692144511821 5.328814382555736
Ar 9.919417508885644 1.2964121854727146 3.351747606121515
Ar 33.123161008602295 32.872457151110396 17.594430185791474
Ar 32.35543387948579 4.380918186053771 1.6358205450733232
Ar 28.642211224584244 6.79960846727928 20.131408879944335
Ar 21.000001142887903 14.906872569006175 0.3170479493180438
Ar 15.068497922677855 22.30671853615929 10.741644934679668
Ar 13.784001129758161 24.284127002199096 1.4025060716197129
Ar 28.207018470825204 3.3683354974364357 29.06127000433362
Ar 10.858897777525716 12.268586084427898 20.41023186617329
Ar 9.563409788619305 7.222695943739253 28.12463162266628
Ar 26.44010311919815 3.1018125417265927 24.410778722660844
Ar 32.07086654177799 12.87002924712338 17.66088066431952
Ar 22.413550985365177 10.020637128835162 5.744497359675095
Ar 23.99032588496539 11.741949732722361 23.62786369925575
Ar 21.170986448244243 28.492548446574045 26.651558956998663
Ar 1.995755925352992 1.5772907053038019 6.651101842020829
Ar 31.914647914921535 26.380553247892113 14.70066060624293
Ar 29.089739407713623 0.18913204634914438 14.595965598610217
Ar 20.169004368526714 21.90860014221653 28.253727418498134
Ar 31.69115929791193 3.168662410606583 14.71880781210075
Ar 2.100213388187786 24.410582661840426 9.72732720168912
Ar 32.14766245777075 2.1000526536189454 32.25520218337727
Ar 8.312086987518372 7.873775260270389 27.119658892457455
Ar 1.0180123527092144 20.361694657554768 22.482340415959058
Ar 11.143241935926705 32.225220558753925 25.60765482598334
Ar 25.96287635696295 22.85281953262361 6.47233463005402
Ar 24.79820696212565 2.326797171952996 17.502247440645917
Ar 0.7087079410896088 22.1068476519128 10.633241995543976
Ar 2.0893537158383158 13.608123140670038 32.714153630159075
Ar 4.053754166544188e-05 31.630588575042964 3.2362787169727163
Ar 32.92135017427908 30.498644056435904 28.38569564409635
Ar 22.997072749371448 31.8340961603571 17.496640980491172
Ar 13.611000913691134 14.727377605136175 19.485347206969656
Ar 28.88571351364792 22.70872288613233 11.056003174972918
Ar 5.0540655325504 20.194813196483665 32.212461934277734
Ar 32.13580446756871 32.56912263939354 32.65850715357679
Ar 10.339290360094534 15.307464711069427 22.665769813372357
Ar 29.25320716516721 16.661260011865405 0.463951747131753
Ar 16.56205815268094 1.712252889004089 33.256020663605
Ar 28.62338790861274 2.5353118356551767 15.148620828728728
Ar 14.81605678262067 32.24975424528408 20.74335994201353
Ar 8.06776828641317 24.91439050197372 31.231043901509615
Ar 21.283494754532015 29.50073251826191 3.68958491210282
Ar 15.949973829598747 14.462821990030783 31.73778008161284
Ar 28.853391248906373 19.366457986292176 17.116966081794143
Ar 10.082226293036872 2.24569950536101 19.502222059246524
Ar 13.862230254884093 0.5660630804576277 4.448244766419511
Ar 7.012989465945115 21.949604802823796 7.04238704809242
100
STEP=4
Ar 27.389769097238354 0.5280380952781638 16.660549531330755
Ar 23.185568167619053 22.342541941111342 6.66122466186062
Ar 4.048830136982899 29.60173010539059 29.71214251017531
Ar 17.962110047641737 13.03505855187795 20.77825015102884
Ar 33.31723293358331 21.031356473212522 1.4929108471493966
Ar 11.744619431495025 20.906660761894756 10.206016503106108
Ar 23.995674693512363 8.581284911100353 25.088103157568366
Ar 5.832510849543171 22.44514999866102 28.42065127354188
Ar 17.47114679579388 32.60279122556528 20.920046194060447
Ar 20.45919336975488 21.543701925755634 33.57553367795718
Ar 2.541455954385504 1.647331959482758 27.163910425448393
Ar 27.458214585959226 33.157726328544534 25.695937759117967
Ar 17.940646493881104 6.5668940087545895 4.26927060890276
Ar 16.67081500911067 24.796256798245775 6.660640564607267
Ar 5.917539264675375 6.1405880142993565 29.575708447398505
Ar 6.640573540910572 5.168118151006637 12.18863348808441
Ar 11.057825706201871 1.6611067668952668 10.24970866954444
Ar 25.547514342247677 1.7618698693357726 31.079977765677544
Ar 2.7914612266896475 23.158890710370652 22.89717567088311
Ar 22.114374891700955 30.708851725829298 23.838733667306037
Ar 17.204652615662646 32.55641235540787 27.66137106835193
Ar 6.812847056288513 6.241154460993071 6.9257778599759225
Ar 8.92234280697344 8.990028191709763 10.241796170054629
Ar 30.347978394429408 17.422077691652586 1.8347354332602361
Ar 12.417697324150136 16.254422779104935 24.352985976717612
Ar 13.973767722337705 5.507627926851356 23.66470587054506
Ar 10.806715718791217 19.44600603814974 23.348814948218926
Ar 19.19587929316582 13.244595503628712 2.571075528487109
Ar 30.160501433435076 9.02623481355073 28.99860498185729
Ar 26.639549118661623 17.817299226442298 21.968138339909828
Ar 6.523584846671975 26.25965781787613 30.79093331836391
Ar 24.59888035140095 32.58890773379368 10.116986667163932
Ar 3.94473366337913 23.652634842270622 2.247258186431228
Ar 19.038243901179438 8.312355125554811 25.924773159437564
Ar 32.52782996494572 29.1254673753663 11.103437734942242
Ar 9.916848990139592 16.37211937023995 4.922299538545413
Ar 11.748079773217261 30.644561886597128 23.617748909457728
Ar 11.07360555556295 21.829643941549772 21.414698220629084
Ar 27.6631636420667 14.03809772613332 27.850805358110645
Ar 16.18301332936223 25.451718700146387 24.119265827231974
Ar 16.251442946205344 16.670749282252824 21.34940460891208
Ar 5.575107256510487 6.285751686178717 13.127331609406239
Ar 12.782110384804172 19.617321356968528 25.885323420172647
Ar 3.1862731056778992 12.24795749375422 0.055779956108163775
Ar 22.221723900886012 19.814968801603126 6.508892746109333
Ar 11.932479021186804 10.100680536897318 19.500370820190753
Ar 16.648983424744863 27.273161645837884 3.02504274092791
Ar 7.663037969940605 10.478694570299133 4.949702602037024
Ar 9.649112115728112 15.283048153229972 1.9420929277760879
Ar 33.1519395624176 33.22631688230404 1.183211416351265
Ar 22.608841470374397 13.192739215962195 20.268019602514002
Ar 17.749576787110705 4.928041869940069 5.524427995224528
Ar 9.919417508885644 1.2964121854727146 3.351747606121515
Ar 33.123161008602295 32.872457151110396 17.594430185791474
Ar 32.35543387948579 4.380918186053771 1.6358205450733232
Ar 28.642211224584244 6.79960846727928 20.131408879944335
Ar 21.000001142887903 14.906872569006175 0.3170479493180438
Ar 15.068497922677855 22.30671853615929 10.741644934679668
Ar 13.784001129758161 24.284127002199096 1.4025060716197129
Ar 28.207018470825204 3.3683354974364357 29.06127000433362
Ar 10.858897777525716 12.268586084427898 20.41023186617329
Ar 9.563409788619305 7.222695943739253 28.12463162266628
Ar 26.44010311919815 3.1018125417265927 24.410778722660844
Ar 32.07086654177799 12.87002924712338 17.66088066431952
Ar 22.413550985365177 10.020637128835162 5.744497359675095
Ar 23.99032588496539 11.741949732722361 23.62786369925575
Ar 21.170986448244243 28.492548446574045 26.651558956998663
Ar 1.995755925352992 1.5772907053038019 6.651101842020829
Ar 31.914647914921535 26.380553247892113 14.70066060624293
Ar 29.089739407713623 0.18913204634914438 14.595965598610217
Ar 20.169004368526714 21.90860014221653 28.253727418498134
Ar 31.69115929791193 3.168662410606583 14.71880781210075
Ar 2.100213388187786 24.410582661840426 9.72732720168912
Ar 32.14766245777075 2.1000526536189454 32.25520218337727
Ar 8.312086987518372 7.873775260270389 27.119658892457455
Ar 1.0180123527092144 20.361694657554768 22.482340415959058
Ar 11.143241935926705 32.225220558753925 25.60765482598334
Ar 26.214325295232644 23.32564408107532 6.064203892640279
Ar 24.628458322369223 2.8027875384261223 17.87886054923559
Ar 0.6857610078250704 22.06137813348605 10.522206979049143
Ar 2.0893537158383158 13.608123140670038 32.714153630159075
Ar 4.053754166544188e-05 31.630588575042964 3.2362787169727163
Ar 32.92135017427908 30.498644056435904 28.38569564409635
Ar 22.997072749371448 31.8340961603571 17.496640980491172
Ar 13.611000913691134 14.727377605136175 19.485347206969656
Ar 28.88571351364792 22.70872288613233 11.056003174972918
Ar 5.290515079508561 19.755800367068456 32.378787772391576
Ar 32.13580446756871 32.56912263939354 32.65850715357679
Ar 10.339290360094534 15.307464711069427 22.665769813372357
Ar 29.25320716516721 16.661260011865405 0.463951747131753
Ar 16.56205815268094 1.712252889004089 33.256020663605
Ar 28.62338790861274 2.5353118356551767 15.148620828728728
Ar 14.81605678262067 32.24975424528408 20.74335994201353
Ar 8.06776828641317 24.91439050197372 31.231043901509615
Ar 20.799557616764513 29.970503918238876 3.8491946824321066
Ar 15.949973829598747 14.462821990030783 31.73778008161284
Ar 28.853391248906373 19.366457986292176 17.116966081794143
Ar 10.082226293036872 2.24569950536101 19.502222059246524
Ar 13.862230254884093 0.5660630804576277 4.448244766419511
Ar 7.012989465945115 21.949604802823796 7.04238704809242
100
STEP=5
Ar 27.389769097238354 0.5280380952781638 16.660549531330755
Ar 23.185568167619053 22.342541941111342 6.66122466186062
Ar 4.390529426370431 29.753280453218892 29.324117041973064
Ar 17.962110047641737 13.03505855187795 20.77825015102884
Ar 33.31723293358331 21.031356473212522 1.4929108471493966
Ar 11.744619431495025 20.906660761894756 10.206016503106108
Ar 23.995674693512363 8.581284911100353 25.088103157568366
Ar 5.832510849543171 22.44514999866102 28.42065127354188
Ar 17.47114679579388 32.60279122556528 20.920046194060447
Ar 20.45919336975488 21.543701925755634 33.57553367795718
Ar 2.541455954385504 1.647331959482758 27.163910425448393
Ar 27.458214585959226 33.157726328544534 25.695937759117967
Ar 17.940646493881104 6.5668940087545895 4.26927060890276
Ar 16.67081500911067 24.796256798245775 6.660640564607267
Ar 5.917539264675375 6.1405880142993565 29.575708447398505
Ar 6.640573540910572 5.168118151006637 12.18863348808441
Ar 11.057825706201871 1.6611067668952668 10.24970866954444
Ar 25.960046790533042 1.3781698816265102 31.193691019701717
Ar 2.7914612266896475 23.158890710370652 22.89717567088311
Ar 22.114374891700955 30.708851725829298 23.838733667306037
Ar 17.204652615662646 32.55641235540787 27.66137106835193
Ar 6.812847056288513 6.241154460993071 6.9257778599759225
Ar 8.92234280697344 8.990028191709763 10.241796170054629
Ar 30.347978394429408 17.422077691652586 1.8347354332602361
Ar 12.417697324150136 16.254422779104935 24.352985976717612
Ar 13.973767722337705 5.507627926851356 23.66470587054506
Ar 10.806715718791217 19.44600603814974 23.348814948218926
Ar 19.19587929316582 13.244595503628712 2.571075528487109
Ar 30.160501433435076 9.02623481355073 28.99860498185729
Ar 26.639549118661623 17.817299226442298 21.968138339909828
Ar 6.523584846671975 26.25965781787613 30.79093331836391
Ar 24.36589967192352 32.333618186807755 10.348022509742336
Ar 3.94473366337913 23.652634842270622 2.247258186431228
Ar 19.038243901179438 8.312355125554811 25.924773159437564
Ar 32.52782996494572 29.1254673753663 11.103437734942242
Ar 9.916848990139592 16.37211937023995 4.922299538545413
Ar 11.748079773217261 30.644561886597128 23.617748909457728
Ar 11.297589630183024 21.41419406970039 21.237035456301623
Ar 27.6631636420667 14.03809772613332 27.850805358110645
Ar 16.18301332936223 25.451718700146387 24.119265827231974
Ar 16.251442946205344 16.670749282252824 21.34940460891208
Ar 5.575107256510487 6.285751686178717 13.127331609406239
Ar 12.596748402734606 19.854572627076376 25.44751080609357
Ar 3.1862731056778992 12.24795749375422 0.055779956108163775
Ar 22.221723900886012 19.814968801603126 6.508892746109333
Ar 11.932479021186804 10.100680536897318 19.500370820190753
Ar 16.648983424744863 27.273161645837884 3.02504274092791
Ar 7.663037969940605 10.478694570299133 4.949702602037024
Ar 9.649112115728112 15.283048153229972 1.9420929277760879
Ar 33.1519395624176 33.22631688230404 1.183211416351265
Ar 22.608841470374397 13.192739215962195 20.268019602514002
Ar 17.27247256248124 4.830165037222856 5.226947810815333
Ar 9.919417508885644 1.2964121854727146 3.351747606121515
Ar 33.123161008602295 32.872457151110396 17.594430185791474
Ar 32.35543387948579 4.380918186053771 1.6358205450733232
Ar 28.642211224584244 6.79960846727928 20.131408879944335
Ar 21.179148453112266 15.38438199884605 33.86193820665231
Ar 15.068497922677855 22.30671853615929 10.741644934679668
Ar 13.784001129758161 24.284127002199096 1.4025060716197129
Ar 28.207018470825204 3.3683354974364357 29.06127000433362
Ar 10.858897777525716 12.268586084427898 20.41023186617329
Ar 9.563409788619305 7.222695943739253 28.12463162266628
Ar 26.44010311919815 3.1018125417265927 24.410778722660844
Ar 32.07086654177799 12.87002924712338 17.66088066431952
Ar 22.413550985365177 10.020637128835162 5.744497359675095
Ar 23.99032588496539 11.741949732722361 23.62786369925575
Ar 21.170986448244243 28.492548446574045 26.651558956998663
Ar 1.995755925352992 1.5772907053038019 6.651101842020829
Ar 31.914647914921535 26.380553247892113 14.70066060624293
Ar 29.089739407713623 0.18913204634914438 14.595965598610217
Ar 20.169004368526714 21.90860014221653 28.253727418498134
Ar 31.69115929791193 3.168662410606583 14.71880781210075
Ar 2.100213388187786 24.410582661840426 9.72732720168912
Ar 32.14766245777075 2.1000526536189454 32.25520218337727
Ar 8.312086987518372 7.873775260270389 27.119658892457455
Ar 1.0180123527092144 20.361694657554768 22.482340415959058
Ar 11.143241935926705 32.225220558753925 25.60765482598334
Ar 26.214325295232644 23.32564408107532 6.064203892640279
Ar 24.628458322369223 2.8027875384261223 17.87886054923559
Ar 0.6857610078250704 22.06137813348605 10.522206979049143
Ar 2.0893537158383158 13.608123140670038 32.714153630159075
Ar 4.053754166544188e-05 31.630588575042964 3.2362787169727163
Ar 32.92135017427908 30.498644056435904 28.38569564409635
Ar 22.997072749371448 31.8340961603571 17.496640980491172
Ar 13.611000913691134 14.727377605136175 19.485347206969656
Ar 28.88571351364792 22.70872288613233 11.056003174972918
Ar 5.290515079508561 19.755800367068456 32.378787772391576
Ar 32.13580446756871 32.56912263939354 32.65850715357679
Ar 10.339290360094534 15.307464711069427 22.665769813372357
Ar 29.25320716516721 16.661260011865405 0.463951747131753
Ar 16.56205815268094 1.712252889004089 33.256020663605
Ar 28.62338790861274 2.5353118356551767 15.148620828728728
Ar 14.81605678262067 32.24975424528408 20.74335994201353
Ar 8.06776828641317 24.91439050197372 31.231043901509615
Ar 20.753568945315397 29.9903572118546 4.207224217056665
Ar 15.949973829598747 14.462821990030783 31.73778008161284
Ar 28.853391248906373 19.366457986292176 17.116966081794143
Ar 10.082226293036872 2.24569950536101 19.502222059246524
Ar 13.862230254884093 0.5660630804576277 4.448244766419511
Ar 7.012989465945115 21.949604802823796 7.04238704809242
100
STEP=6
Ar 27.389769097238354 0.5280380952781638 16.660549531330755
Ar 23.185568167619053 22.342541941111342 6.66122466186062
Ar 4.390529426370431 29.753280453218892 29.324117041973064
Ar 17.962110047641737 13.03505855187795 20.77825015102884
Ar 33.76151110085206 21.00836949070067 1.0127594318396762
Ar 11.744619431495025 20.906660761894756 10.206016503106108
Ar 23.995674693512363 8.581284911100353 25.088103157568366
Ar 5.832510849543171 22.44514999866102 28.42065127354188
Ar 17.47114679579388 32.60279122556528 20.920046194060447
Ar 20.037869041107875 21.25956583307388 33.5499709931665
Ar 2.541455954385504 1.647331959482758 27.163910425448393
Ar 27.458214585959226 33.157726328544534 25.695937759117967
Ar 17.940646493881104 6.5668940087545895 4.26927060890276
Ar 16.67081500911067 24.796256798245775 6.660640564607267
Ar 5.917539264675375 6.1405880142993565 29.575708447398505
Ar 6.640573540910572 5.168118151006637 12.18863348808441
Ar 11.057825706201871 1.6611067668952668 10.24970866954444
Ar 25.960046790533042 1.3781698816265102 31.193691019701717
Ar 2.7914612266896475 23.158890710370652 22.89717567088311
Ar 22.114374891700955 30.708851725829298 23.838733667306037
Ar 17.204652615662646 32.55641235540787 27.66137106835193
Ar 6.812847056288513 6.241154460993071 6.9257778599759225
Ar 8.92234280697344 8.990028191709763 10.241796170054629
Ar 30.347978394429408 17.422077691652586 1.8347354332602361
Ar 12.417697324150136 16.254422779104935 24.352985976717612
Ar 13.973767722337705 5.507627926851356 23.66470587054506
Ar 10.756316255373065 19.79803497628547 23.726246051393545
Ar 19.19587929316582 13.244595503628712 2.571075528487109
Ar 30.160501433435076 9.02623481355073 28.99860498185729
Ar 26.639549118661623 17.817299226442298 21.968138339909828
Ar 6.523584846671975 26.25965781787613 30.79093331836391
Ar 24.36589967192352 32.333618186807755 10.348022509742336
Ar 3.94473366337913 23.652634842270622 2.247258186431228
Ar 19.038243901179438 8.312355125554811 25.924773159437564
Ar 32.52782996494572 29.1254673753663 11.103437734942242
Ar 9.916848990139592 16.37211937023995 4.922299538545413
Ar 11.748079773217261 30.644561886597128 23.617748909457728
Ar 11.297589630183024 21.41419406970039 21.237035456301623
Ar 27.6631636420667 14.03809772613332 27.850805358110645
Ar 16.18301332936223 25.451718700146387 24.119265827231974
Ar 16.251442946205344 16.670749282252824 21.34940460891208
Ar 5.575107256510487 6.285751686178717 13.127331609406239
Ar 13.01514359063458 20.12530224499858 25.264190352608367
Ar 3.1862731056778992 12.24795749375422 0.055779956108163775
Ar 22.221723900886012 19.814968801603126 6.508892746109333
Ar 11.932479021186804 10.100680536897318 19.500370820190753
Ar 16.648983424744863 27.273161645837884 3.02504274092791
Ar 7.450329760550475 10.474788743811676 5.1796843770865895
Ar 9.649112115728112 15.283048153229972 1.9420929277760879
Ar 33.1519395624176 33.22631688230404 1.183211416351265
Ar 22.608841470374397 13.192739215962195 20.268019602514002
Ar 17.27247256248124 4.830165037222856 5.226947810815333
Ar 9.919417508885644 1.2964121854727146 3.351747606121515
Ar 33.123161008602295 32.872457151110396 17.594430185791474
Ar 32.35543387948579 4.380918186053771 1.6358205450733232
Ar 28.642211224584244 6.79960846727928 20.131408879944335
Ar 21.267913398715322 14.957407802334567 33.653486136980675
Ar 15.068497922677855 22.30671853615929 10.741644934679668
Ar 13.784001129758161 24.284127002199096 1.4025060716197129
Ar 28.207018470825204 3.3683354974364357 29.06127000433362
Ar 10.858897777525716 12.268586084427898 20.41023186617329
Ar 9.563409788619305 7.222695943739253 28.12463162266628
Ar 26.44010311919815 3.1018125417265927 24.410778722660844
Ar 32.07086654177799 12.87002924712338 17.66088066431952
Ar 22.413550985365177 10.020637128835162 5.744497359675095
Ar 23.99032588496539 11.741949732722361 23.62786369925575
Ar 21.170986448244243 28.492548446574045 26.651558956998663
Ar 2.2696452422622615 1.9067845811913389 6.243098605157974
Ar 31.914647914921535 26.380553247892113 14.70066060624293
Ar 29.089739407713623 0.18913204634914438 14.595965598610217
Ar 20.258808817627276 21.887501926527033 27.790953598205533
Ar 31.69115929791193 3.168662410606583 14.71880781210075
Ar 2.100213388187786 24.410582661840426 9.72732720168912
Ar 32.14766245777075 2.1000526536189454 32.25520218337727
Ar 8.312086987518372 7.873775260270389 27.119658892457455
Ar 1.0180123527092144 20.361694657554768 22.482340415959058
Ar 11.143241935926705 32.225220558753925 25.60765482598334
Ar 26.214325295232644 23.32564408107532 6.064203892640279
Ar 24.628458322369223 2.8027875384261223 17.87886054923559
Ar 0.6857610078250704 22.06137813348605 10.522206979049143
Ar 2.0893537158383158 13.608123140670038 32.714153630159075
Ar 4.053754166544188e-05 31.630588575042964 3.2362787169727163
Ar 33.01074970697668 30.930372911576903 28.881570961735925
Ar 22.997072749371448 31.8340961603571 17.496640980491172
Ar 13.611000913691134 14.727377605136175 19.485347206969656
Ar 28.88571351364792 22.70872288613233 11.056003174972918
Ar 5.290515079508561 19.755800367068456 32.378787772391576
Ar 32.13580446756871 32.56912263939354 32.65850715357679
Ar 10.339290360094534 15.307464711069427 22.665769813372357
Ar 29.25320716516721 16.661260011865405 0.463951747131753
Ar 16.56205815268094 1.712252889004089 33.256020663605
Ar 28.62338790861274 2.5353118356551767 15.148620828728728
Ar 14.81605678262067 32.24975424528408 20.74335994201353
Ar 8.06776828641317 24.91439050197372 31.231043901509615
Ar 20.753568945315397 29.9903572118546 4.207224217056665
Ar 15.949973829598747 14.462821990030783 31.73778008161284
Ar 28.853391248906373 19.366457986292176 17.116966081794143
Ar 10.082226293036872 2.24569950536101 19.502222059246524
Ar 13.722603348386611 1.0345571052287308 4.525931842790202
Ar 7.012989465945115 21.949604802823796 7.04238704809242
100
STEP=7
Ar 27.389769097238354 0.5280380952781638 16.660549531330755
Ar 23.185568167619053 22.342541941111342 6.66122466186062
Ar 4.390529426370431 29.753280453218892 29.324117041973064
Ar 17.962110047641737 13.03505855187795 20.77825015102884
Ar 33.76151110085206 21.00836949070067 1.0127594318396762
Ar 11.744619431495025 20.906660761894756 10.206016503106108
Ar 23.885830690190144 8.13828427902655 24.7570114602209
Ar 5.832510849543171 22.44514999866102 28.42065127354188
Ar 17.47114679579388 32.60279122556528 20.920046194060447
Ar 20.037869041107875 21.25956583307388 33.5499709931665
Ar 2.541455954385504 1.647331959482758 27.163910425448393
Ar 27.458214585959226 33.157726328544534 25.695937759117967
Ar 17.940646493881104 6.5668940087545895 4.26927060890276
Ar 16.67081500911067 24.796256798245775 6.660640564607267
Ar 5.917539264675375 6.1405880142993565 29.575708447398505
Ar 6.640573540910572 5.168118151006637 12.18863348808441
Ar 11.057825706201871 1.6611067668952668 10.24970866954444
Ar 25.960046790533042 1.3781698816265102 31.193691019701717
Ar 2.7914612266896475 23.158890710370652 22.89717567088311
Ar 22.114374891700955 30.708851725829298 23.838733667306037
Ar 17.204652615662646 32.55641235540787 27.66137106835193
Ar 6.812847056288513 6.241154460993071 6.9257778599759225
Ar 8.92234280697344 8.990028191709763 10.241796170054629
Ar 30.347978394429408 17.422077691652586 1.8347354332602361
Ar 12.417697324150136 16.254422779104935 24.352985976717612
Ar 13.973767722337705 5.507627926851356 23.66470587054506
Ar 10.756316255373065 19.79803497628547 23.726246051393545
Ar 19.19587929316582 13.244595503628712 2.571075528487109
Ar 30.371870478004546 9.047484556173808 28.506698518104933
Ar 26.639549118661623 17.817299226442298 21.968138339909828
Ar 6.523584846671975 26.25965781787613 30.79093331836391
Ar 24.36589967192352 32.333618186807755 10.348022509742336
Ar 3.94473366337913 23.652634842270622 2.247258186431228
Ar 19.038243901179438 8.312355125554811 25.924773159437564
Ar 32.52782996494572 29.1254673753663 11.103437734942242
Ar 9.851373402499 16.1085275659397 4.631349673729705
Ar 11.748079773217261 30.644561886597128 23.617748909457728
Ar 11.297589630183024 21.41419406970039 21.237035456301623
Ar 27.6631636420667 14.03809772613332 27.850805358110645
Ar 16.18301332936223 25.451718700146387 24.119265827231974
Ar 16.579678878001413 16.289864537365442 21.390648277685425
Ar 5.575107256510487 6.285751686178717 13.127331609406239
Ar 13.01514359063458 20.12530224499858 25.264190352608367
Ar 3.1862731056778992 12.24795749375422 0.055779956108163775
Ar 22.221723900886012 19.814968801603126 6.508892746109333
Ar 11.932479021186804 10.100680536897318 19.500370820190753
Ar 16.648983424744863 27.273161645837884 3.02504274092791
Ar 7.450329760550475 10.474788743811676 5.1796843770865895
Ar 9.649112115728112 15.283048153229972 1.9420929277760879
Ar 33.1519395624176 33.22631688230404 1.183211416351265
Ar 22.608841470374397 13.192739215962195 20.268019602514002
Ar 17.27247256248124 4.830165037222856 5.226947810815333
Ar 9.919417508885644 1.2964121854727146 3.351747606121515
Ar 33.123161008602295 32.872457151110396 17.594430185791474
Ar 32.35543387948579 4.380918186053771 1.6358205450733232
Ar 28.642211224584244 6.79960846727928 20.131408879944335
Ar 21.267913398715322 14.957407802334567 33.653486136980675
Ar 15.068497922677855 22.30671853615929 10.741644934679668
Ar 13.784001129758161 24.284127002199096 1.4025060716197129
Ar 28.207018470825204 3.3683354974364357 29.06127000433362
Ar 10.858897777525716 12.268586084427898 20.41023186617329
Ar 9.563409788619305 7.222695943739253 28.12463162266628
Ar 25.802182534331887 3.7238686492760915 24.43537581610302
Ar 32.07086654177799 12.87002924712338 17.66088066431952
Ar 22.413550985365177 10.020637128835162 5.744497359675095
Ar 23.99032588496539 11.741949732722361 23.62786369925575
Ar 21.170986448244243 28.492548446574045 26.651558956998663
Ar 2.2696452422622615 1.9067845811913389 6.243098605157974
Ar 31.914647914921535 26.380553247892113 14.70066060624293
Ar 29.089739407713623 0.18913204634914438 14.595965598610217
Ar 20.258808817627276 21.887501926527033 27.790953598205533
Ar 31.69115929791193 3.168662410606583 14.71880781210075
Ar 2.593496160403719 24.83814908356761 9.939998986966955
Ar 32.14766245777075 2.1000526536189454 32.25520218337727
Ar 8.312086987518372 7.873775260270389 27.119658892457455
Ar 1.0180123527092144 20.361694657554768 22.482340415959058
Ar 11.143241935926705 32.225220558753925 25.60765482598334
Ar 26.214325295232644 23.32564408107532 6.064203892640279
Ar 24.628458322369223 2.8027875384261223 17.87886054923559
Ar 0.40497319335602 21.56976347283726 10.69568145452639
Ar 2.0893537158383158 13.608123140670038 32.714153630159075
Ar 4.053754166544188e-05 31.630588575042964 3.2362787169727163
Ar 33.01074970697668 30.930372911576903 28.881570961735925
Ar 22.997072749371448 31.8340961603571 17.496640980491172
Ar 13.611000913691134 14.727377605136175 19.485347206969656
Ar 28.88571351364792 22.70872288613233 11.056003174972918
Ar 5.290515079508561 19.755800367068456 32.378787772391576
Ar 32.25733645630727 32.27666997734764 32.37111813882653
Ar 10.339290360094534 15.307464711069427 22.665769813372357
Ar 29.25320716516721 16.661260011865405 0.463951747131753
Ar 16.56205815268094 1.712252889004089 33.256020663605
Ar 28.62338790861274 2.5353118356551767 15.148620828728728
Ar 14.43856241614515 32.43225083026733 20.351949431982536
Ar 8.06776828641317 24.91439050197372 31.231043901509615
Ar 20.753568945315397 29.9903572118546 4.207224217056665
Ar 15.949973829598747 14.462821990030783 31.73778008161284
Ar 28.853391248906373 19.366457986292176 17.116966081794143
Ar 10.082226293036872 2.24569950536101 19.502222059246524
Ar 13.722603348386611 1.0345571052287308 4.525931842790202
Ar 7.012989465945115 21.949604802823796 7.04238704809242
100
STEP=8
Ar 27.389769097238354 0.5280380952781638 16.660549531330755
Ar 23.185568167619053 22.342541941111342 6.66122466186062
Ar 4.390529426370431 29.753280453218892 29.324117041973064
Ar 17.962110047641737 13.03505855187795 20.77825015102884
Ar 33.76151110085206 21.00836949070067 1.0127594318396762
Ar 11.744619431495025 20.906660761894756 10.206016503106108
Ar 23.471143245094662 8.505325876398793 24.522181525340763
Ar 5.832510849543171 22.44514999866102 28.42065127354188
Ar 17.47114679579388 32.60279122556528 20.920046194060447
Ar 20.037869041107875 21.25956583307388 33.5499709931665
Ar 2.541455954385504 1.647331959482758 27.163910425448393
Ar 27.458214585959226 33.157726328544534 25.695937759117967
Ar 17.940646493881104 6.5668940087545895 4.26927060890276
Ar 16.67081500911067 24.796256798245775 6.660640564607267
Ar 5.917539264675375 6.1405880142993565 29.575708447398505
Ar 6.676813793494838 5.3322741779183636 11.946010386832857
Ar 11.412191143909649 1.7479313065851736 10.16416657003884
Ar 25.960046790533042 1.3781698816265102 31.193691019701717
Ar 2.7914612266896475 23.158890710370652 22.89717567088311
Ar 22.114374891700955 30.708851725829298 23.838733667306037
Ar 17.204652615662646 32.55641235540787 27.66137106835193
Ar 6.812847056288513 6.241154460993071 6.9257778599759225
Ar 8.92234280697344 8.990028191709763 10.241796170054629
Ar 30.347978394429408 17.422077691652586 1.8347354332602361
Ar 12.417697324150136 16.254422779104935 24.352985976717612
Ar 13.973767722337705 5.507627926851356 23.66470587054506
Ar 10.756316255373065 19.79803497628547 23.726246051393545
Ar 19.19587929316582 13.244595503628712 2.571075528487109
Ar 30.371870478004546 9.047484556173808 28.506698518104933
Ar 26.639549118661623 17.817299226442298 21.968138339909828
Ar 6.523584846671975 26.25965781787613 30.79093331836391
Ar 24.36589967192352 32.333618186807755 10.348022509742336
Ar 3.94473366337913 23.652634842270622 2.247258186431228
Ar 19.038243901179438 8.312355125554811 25.924773159437564
Ar 32.52782996494572 29.1254673753663 11.103437734942242
Ar 9.851373402499 16.1085275659397 4.631349673729705
Ar 11.748079773217261 30.644561886597128 23.617748909457728
Ar 11.297589630183024 21.41419406970039 21.237035456301623
Ar 27.6631636420667 14.03809772613332 27.850805358110645
Ar 16.18301332936223 25.451718700146387 24.119265827231974
Ar 16.579678878001413 16.289864537365442 21.390648277685425
Ar 5.575107256510487 6.285751686178717 13.127331609406239
Ar 13.01514359063458 20.12530224499858 25.264190352608367
Ar 3.5099830245760346 12.576810693829147 0.5118737024317169
Ar 22.221723900886012 19.814968801603126 6.508892746109333
Ar 11.932479021186804 10.100680536897318 19.500370820190753
Ar 16.648983424744863 27.273161645837884 3.02504274092791
Ar 7.450329760550475 10.474788743811676 5.1796843770865895
Ar 9.649112115728112 15.283048153229972 1.9420929277760879
Ar 33.1519395624176 33.22631688230404 1.183211416351265
Ar 22.608841470374397 13.192739215962195 20.268019602514002
Ar 17.27247256248124 4.830165037222856 5.226947810815333
Ar 9.919417508885644 1.2964121854727146 3.351747606121515
Ar 33.123161008602295 32.872457151110396 17.594430185791474
Ar 32.35543387948579 4.380918186053771 1.6358205450733232
Ar 28.642211224584244 6.79960846727928 20.131408879944335
Ar 21.267913398715322 14.957407802334567 33.653486136980675
Ar 15.068497922677855 22.30671853615929 10.741644934679668
Ar 13.784001129758161 24.284127002199096 1.4025060716197129
Ar 28.207018470825204 3.3683354974364357 29.06127000433362
Ar 10.858897777525716 12.268586084427898 20.41023186617329
Ar 9.563409788619305 7.222695943739253 28.12463162266628
Ar 25.802182534331887 3.7238686492760915 24.43537581610302
Ar 32.07086654177799 12.87002924712338 17.66088066431952
Ar 22.413550985365177 10.020637128835162 5.744497359675095
Ar 23.99032588496539 11.741949732722361 23.62786369925575
Ar 21.170986448244243 28.492548446574045 26.651558956998663
Ar 2.2696452422622615 1.9067845811913389 6.243098605157974
Ar 31.914647914921535 26.380553247892113 14.70066060624293
Ar 29.089739407713623 0.18913204634914438 14.595965598610217
Ar 20.258808817627276 21.887501926527033 27.790953598205533
Ar 31.69115929791193 3.168662410606583 14.71880781210075
Ar 2.593496160403719 24.83814908356761 9.939998986966955
Ar 31.970997091307005 2.0486449139167053 31.96358897110582
Ar 8.312086987518372 7.873775260270389 27.119658892457455
Ar 1.0180123527092144 20.361694657554768 22.482340415959058
Ar 11.143241935926705 32.225220558753925 25.60765482598334
Ar 26.214325295232644 23.32564408107532 6.064203892640279
Ar 24.628458322369223 2.8027875384261223 17.87886054923559
Ar 0.40497319335602 21.56976347283726 10.69568145452639
Ar 2.0893537158383158 13.608123140670038 32.714153630159075
Ar 4.053754166544188e-05 31.630588575042964 3.2362787169727163
Ar 33.01074970697668 30.930372911576903 28.881570961735925
Ar 22.997072749371448 31.8340961603571 17.496640980491172
Ar 13.611000913691134 14.727377605136175 19.485347206969656
Ar 28.88571351364792 22.70872288613233 11.056003174972918
Ar 5.290515079508561 19.755800367068456 32.378787772391576
Ar 32.25733645630727 32.27666997734764 32.37111813882653
Ar 10.339290360094534 15.307464711069427 22.665769813372357
Ar 29.25320716516721 16.661260011865405 0.463951747131753
Ar 16.56205815268094 1.712252889004089 33.256020663605
Ar 28.80037645317102 2.168662691815422 15.383748557203578
Ar 14.43856241614515 32.43225083026733 20.351949431982536
Ar 8.06776828641317 24.91439050197372 31.231043901509615
Ar 20.753568945315397 29.9903572118546 4.207224217056665
Ar 16.101804477639778 14.427275264150868 32.17806360169701
Ar 28.853391248906373 19.366457986292176 17.116966081794143
Ar 10.423316095549039 2.241895598990594 19.299149725548254
Ar 13.722603348386611 1.0345571052287308 4.525931842790202
Ar 7.012989465945115 21.949604802823796 7.04238704809242
100
STEP=9
Ar 27.389769097238354 0.5280380952781638 16.660549531330755
Ar 23.185568167619053 22.342541941111342 6.66122466186062
Ar 4.390529426370431 29.753280453218892 29.324117041973064
Ar 17.962110047641737 13.03505855187795 20.77825015102884
Ar 33.76151110085206 21.00836949070067 1.0127594318396762
Ar 11.744619431495025 20.906660761894756 10.206016503106108
Ar 23.409145039490788 8.853431268099369 24.46898703614787
Ar 5.832510849543171 22.44514999866102 28.42065127354188
Ar 17.47114679579388 32.60279122556528 20.920046194060447
Ar 20.037869041107875 21.25956583307388 33.5499709931665
Ar 2.541455954385504 1.647331959482758 27.163910425448393
Ar 27.458214585959226 33.157726328544534 25.695937759117967
Ar 17.940646493881104 6.5668940087545895 4.26927060890276
Ar 16.67081500911067 24.796256798245775 6.660640564607267
Ar 5.917539264675375 6.1405880142993565 29.575708447398505
Ar 6.676813793494838 5.3322741779183636 11.946010386832857
Ar 11.412191143909649 1.7479313065851736 10.16416657003884
Ar 25.960046790533042 1.3781698816265102 31.193691019701717
Ar 2.7914612266896475 23.158890710370652 22.89717567088311
Ar 22.114374891700955 30.708851725829298 23.838733667306037
Ar 17.204652615662646 32.55641235540787 27.66137106835193
Ar 6.812847056288513 6.241154460993071 6.9257778599759225
Ar 8.92234280697344 8.990028191709763 10.241796170054629
Ar 30.347978394429408 17.422077691652586 1.8347354332602361
Ar 12.417697324150136 16.254422779104935 24.352985976717612
Ar 13.973767722337705 5.507627926851356 23.66470587054506
Ar 10.756316255373065 19.79803497628547 23.726246051393545
Ar 19.19587929316582 13.244595503628712 2.571075528487109
Ar 30.371870478004546 9.047484556173808 28.506698518104933
Ar 26.639549118661623 17.817299226442298 21.968138339909828
Ar 6.523584846671975 26.25965781787613 30.79093331836391
Ar 24.36589967192352 32.333618186807755 10.348022509742336
Ar 3.94473366337913 23.652634842270622 2.247258186431228
Ar 19.038243901179438 8.312355125554811 25.924773159437564
Ar 32.52782996494572 29.1254673753663 11.103437734942242
Ar 9.851373402499 16.1085275659397 4.631349673729705
Ar 11.748079773217261 30.644561886597128 23.617748909457728
Ar 11.297589630183024 21.41419406970039 21.237035456301623
Ar 27.6631636420667 14.03809772613332 27.850805358110645
Ar 16.18301332936223 25.451718700146387 24.119265827231974
Ar 16.579678878001413 16.289864537365442 21.390648277685425
Ar 5.575107256510487 6.285751686178717 13.127331609406239
Ar 13.01514359063458 20.12530224499858 25.264190352608367
Ar 3.6194983896535766 12.61351306642761 0.20642697727542203
Ar 22.221723900886012 19.814968801603126 6.508892746109333
Ar 11.932479021186804 10.100680536897318 19.500370820190753
Ar 16.648983424744863 27.273161645837884 3.02504274092791
Ar 7.450329760550475 10.474788743811676 5.1796843770865895
Ar 9.649112115728112 15.283048153229972 1.9420929277760879
Ar 33.1519395624176 33.22631688230404 1.183211416351265
Ar 22.608841470374397 13.192739215962195 20.268019602514002
Ar 17.27247256248124 4.830165037222856 5.226947810815333
Ar 10.057471688815205 1.4121594562846953 3.1868868424354684
Ar 33.123161008602295 32.872457151110396 17.594430185791474
Ar 32.35543387948579 4.380918186053771 1.6358205450733232
Ar 28.642211224584244 6.79960846727928 20.131408879944335
Ar 21.267913398715322 14.957407802334567 33.653486136980675
Ar 15.068497922677855 22.30671853615929 10.741644934679668
Ar 13.784001129758161 24.284127002199096 1.4025060716197129
Ar 28.207018470825204 3.3683354974364357 29.06127000433362
Ar 10.858897777525716 12.268586084427898 20.41023186617329
Ar 9.563409788619305 7.222695943739253 28.12463162266628
Ar 25.802182534331887 3.7238686492760915 24.43537581610302
Ar 32.07086654177799 12.87002924712338 17.66088066431952
Ar 22.413550985365177 10.020637128835162 5.744497359675095
Ar 23.99032588496539 11.741949732722361 23.62786369925575
Ar 21.038227262990738 28.331282405502538 26.743330829552878
Ar 2.3089708724972184 2.2036796416338507 6.085920561063881
Ar 31.914647914921535 26.380553247892113 14.70066060624293
Ar 29.089739407713623 0.18913204634914438 14.595965598610217
Ar 20.258808817627276 21.887501926527033 27.790953598205533
Ar 31.69115929791193 3.168662410606583 14.71880781210075
Ar 2.593496160403719 24.83814908356761 9.939998986966955
Ar 31.970997091307005 2.0486449139167053 31.96358897110582
Ar 8.312086987518372 7.873775260270389 27.119658892457455
Ar 1.0180123527092144 20.361694657554768 22.482340415959058
Ar 11.143241935926705 32.225220558753925 25.60765482598334
Ar 25.876298456650442 22.881396751434483 5.771197282756933
Ar 24.23462613780482 3.0469531032441584 18.04690329866741
Ar 0.40497319335602 21.56976347283726 10.69568145452639
Ar 2.0893537158383158 13.608123140670038 32.714153630159075
Ar 4.053754166544188e-05 31.630588575042964 3.2362787169727163
Ar 33.01074970697668 30.930372911576903 28.881570961735925
Ar 22.997072749371448 31.8340961603571 17.496640980491172
Ar 13.611000913691134 14.727377605136175 19.485347206969656
Ar 28.88571351364792 22.70872288613233 11.056003174972918
Ar 5.290515079508561 19.755800367068456 32.378787772391576
Ar 32.25733645630727 32.27666997734764 32.37111813882653
Ar 10.339290360094534 15.307464711069427 22.665769813372357
Ar 29.25320716516721 16.661260011865405 0.463951747131753
Ar 16.56205815268094 1.712252889004089 33.256020663605
Ar 28.863860599398514 2.1946755564110183 14.99520133416474
Ar 14.43856241614515 32.43225083026733 20.351949431982536
Ar 8.06776828641317 24.91439050197372 31.231043901509615
Ar 20.753568945315397 29.9903572118546 4.207224217056665
Ar 16.101804477639778 14.427275264150868 32.17806360169701
Ar 28.715657370004546 19.64008105617452 16.653001737234966
Ar 10.423316095549039 2.241895598990594 19.299149725548254
Ar 13.722603348386611 1.0345571052287308 4.525931842790202
Ar 6.847907866732628 22.24719434648479 6.9703167298358055
100
STEP=10
Ar 27.389769097238354 0.5280380952781638 16.660549531330755
Ar 23.185568167619053 22.342541941111342 6.66122466186062
Ar 4.390529426370431 29.753280453218892 29.324117041973064
Ar 17.962110047641737 13.03505855187795 20.77825015102884
Ar 33.76151110085206 21.00836949070067 1.0127594318396762
Ar 11.744619431495025 20.906660761894756 10.206016503106108
Ar 23.35815679933141 9.11695770991676 24.456084114623255
Ar 5.832510849543171 22.44514999866102 28.42065127354188
Ar 17.47114679579388 32.60279122556528 20.920046194060447
Ar 19.57898147597616 21.020332480719308 33.30000180269674
Ar 2.541455954385504 1.647331959482758 27.163910425448393
Ar 27.458214585959226 33.157726328544534 25.695937759117967
Ar 18.17697649395336 6.780272918784168 4.243985798899301
Ar 16.67081500911067 24.796256798245775 6.660640564607267
Ar 5.518864313226051 6.218470941403772 30.00630433039611
Ar 6.676813793494838 5.3322741779183636 11.946010386832857
Ar 11.412191143909649 1.7479313065851736 10.16416657003884
Ar 25.960046790533042 1.3781698816265102 31.193691019701717
Ar 2.7914612266896475 23.158890710370652 22.89717567088311
Ar 22.114374891700955 30.708851725829298 23.838733667306037
Ar 17.204652615662646 32.55641235540787 27.66137106835193
Ar 6.855857004888715 6.169612947833957 6.813262716538849
Ar 8.92234280697344 8.990028191709763 10.241796170054629
Ar 30.347978394429408 17.422077691652586 1.8347354332602361
Ar 12.417697324150136 16.254422779104935 24.352985976717612
Ar 13.973767722337705 5.507627926851356 23.66470587054506
Ar 10.756316255373065 19.79803497628547 23.726246051393545
Ar 19.19587929316582 13.244595503628712 2.571075528487109
Ar 30.371870478004546 9.047484556173808 28.506698518104933
Ar 26.639549118661623 17.817299226442298 21.968138339909828
Ar 6.523584846671975 26.25965781787613 30.79093331836391
Ar 24.36589967192352 32.333618186807755 10.348022509742336
Ar 3.7787565107120265 23.749198254048856 2.3700659934448147
Ar 19.038243901179438 8.312355125554811 25.924773159437564
Ar 32.52782996494572 29.1254673753663 11.103437734942242
Ar 9.851373402499 16.1085275659397 4.631349673729705
Ar 11.748079773217261 30.644561886597128 23.617748909457728
Ar 11.297589630183024 21.41419406970039 21.237035456301623
Ar 27.6631636420667 14.03809772613332 27.850805358110645
Ar 16.18301332936223 25.451718700146387 24.119265827231974
Ar 16.579678878001413 16.289864537365442 21.390648277685425
Ar 5.575107256510487 6.285751686178717 13.127331609406239
Ar 13.01514359063458 20.12530224499858 25.264190352608367
Ar 3.6194983896535766 12.61351306642761 0.20642697727542203
Ar 22.221723900886012 19.814968801603126 6.508892746109333
Ar 11.932479021186804 10.100680536897318 19.500370820190753
Ar 16.648983424744863 27.273161645837884 3.02504274092791
Ar 7.450329760550475 10.474788743811676 5.1796843770865895
Ar 9.649112115728112 15.283048153229972 1.9420929277760879
Ar 33.1519395624176 33.22631688230404 1.183211416351265
Ar 22.608841470374397 13.192739215962195 20.268019602514002
Ar 17.27247256248124 4.830165037222856 5.226947810815333
Ar 10.057471688815205 1.4121594562846953 3.1868868424354684
Ar 33.123161008602295 32.872457151110396 17.594430185791474
Ar 32.35543387948579 4.380918186053771 1.6358205450733232
Ar 28.642211224584244 6.79960846727928 20.131408879944335
Ar 21.267913398715322 14.957407802334567 33.653486136980675
Ar 15.068497922677855 22.30671853615929 10.741644934679668
Ar 13.784001129758161 24.284127002199096 1.4025060716197129
Ar 28.207018470825204 3.3683354974364357 29.06127000433362
Ar 10.858897777525716 12.268586084427898 20.41023186617329
Ar 9.563409788619305 7.222695943739253 28.12463162266628
Ar 25.802182534331887 3.7238686492760915 24.43537581610302
Ar 32.07086654177799 12.87002924712338 17.66088066431952
Ar 22.413550985365177 10.020637128835162 5.744497359675095
Ar 23.99032588496539 11.741949732722361 23.62786369925575
Ar 21.038227262990738 28.331282405502538 26.743330829552878
Ar 2.3089708724972184 2.2036796416338507 6.085920561063881
Ar 31.914647914921535 26.380553247892113 14.70066060624293
Ar 29.089739407713623 0.18913204634914438 14.595965598610217
Ar 20.258808817627276 21.887501926527033 27.790953598205533
Ar 31.69115929791193 3.168662410606583 14.71880781210075
Ar 2.593496160403719 24.83814908356761 9.939998986966955
Ar 31.970997091307005 2.0486449139167053 31.96358897110582
Ar 8.312086987518372 7.873775260270389 27.119658892457455
Ar 1.0180123527092144 20.361694657554768 22.482340415959058
Ar 11.143241935926705 32.225220558753925 25.60765482598334
Ar 25.876298456650442 22.881396751434483 5.771197282756933
Ar 24.23462613780482 3.0469531032441584 18.04690329866741
Ar 0.5548954057628018 21.82840985155716 11.076026585829347
Ar 2.0893537158383158 13.608123140670038 32.714153630159075
Ar 4.053754166544188e-05 31.630588575042964 3.2362787169727163
Ar 32.792349455663604 31.365732101990567 29.370675579761418
Ar 22.997072749371448 31.8340961603571 17.496640980491172
Ar 13.611000913691134 14.727377605136175 19.485347206969656
Ar 28.88571351364792 22.70872288613233 11.056003174972918
Ar 5.290515079508561 19.755800367068456 32.378787772391576
Ar 32.55839473755678 31.96288003143437 32.717067314015
Ar 10.339290360094534 15.307464711069427 22.665769813372357
Ar 29.25320716516721 16.661260011865405 0.463951747131753
Ar 16.56205815268094 1.712252889004089 33.256020663605
Ar 28.863860599398514 2.1946755564110183 14.99520133416474
Ar 14.43856241614515 32.43225083026733 20.351949431982536
Ar 8.06776828641317 24.91439050197372 31.231043901509615
Ar 20.753568945315397 29.9903572118546 4.207224217056665
Ar 16.101804477639778 14.427275264150868 32.17806360169701
Ar 28.715657370004546 19.64008105617452 16.653001737234966
Ar 10.423316095549039 2.241895598990594 19.299149725548254
Ar 13.722603348386611 1.0345571052287308 4.525931842790202
Ar 6.847907866732628 22.24719434648479 6.9703167298358055
