100
STEP=1
Ar 7.463653870726415 6.419799681227111 9.235960074706998
Ar 5.350498206992157 5.477809565775212 4.9763950736451825
Ar 3.302065411600955 4.722149431851221 4.481482040725463
Ar 6.9357684200905805 0.7756092213533206 8.566749871332933
Ar 4.580423733476629 3.60456880634209 5.5274075226709165
Ar 1.5168666537783293 8.120590982556845 7.583769811348155
Ar 5.352347705257344 4.4798841292603155 0.3386366154702879
Ar 5.365534856151727 7.801735984878163 6.003939461439398
Ar 9.632409465560483 4.260249847437222 1.144038420901391
Ar 4.312800588262461 4.651127105995025 6.340322128405278
Ar 3.9308972883836546 7.485202238175404 9.051629212424727
Ar 0.17790334991505397 3.7630520954525193 6.029506788450848
Ar 1.606657261402785 0.1899466020547873 9.326378511380092
Ar 4.4157968370118645 2.755254001105091 7.7726510138123555
Ar 1.3625083598216747 7.099605125222739 9.79113486726429
Ar 4.582871178694318 5.633239495444151 2.1682258403849595
Ar 2.061377920518357 0.9671944456755299 6.181223800182329
Ar 2.4772510182321605 8.445343324736488 6.891568703303483
Ar 3.1555449702473934 1.3592797409041857 3.0459366911687957
Ar 6.422091190275631 8.494968527207652 3.2881166344539947
Ar 6.369547668917329 0.8197282219957391 9.576507167912684
Ar 7.898987174431216 5.121540165481273 4.130380534484112
Ar 6.3195808512913 4.44302151771714 8.976564458921
Ar 2.3679421622505945 0.9810202476090579 2.257875946065757
Ar 2.760628069102972 0.4964563100378183 3.5513307559289653
Ar 5.03413570861369 5.236701269895451 5.827065064519424
Ar 9.0213175741976 6.30838176454219 1.5160710161906887
Ar 3.021437628809782 9.616936033052513 6.127938652614157
Ar 0.842879542088012 5.5433406854643295 1.8692426803520867
Ar 3.4149285154111686 8.182723486968653 6.1351438583043
Ar 8.878954463795566 9.046009502812144 0.29540415042458634
Ar 2.1071850939071735 2.5562643297937493 0.5954634964956573
Ar 4.06878261562735 2.9342927670793664 4.2457904660017185
Ar 8.207330238160704 6.318417648487114 5.737053745755872
Ar 1.974606557492108 1.0891242369064291 9.562806151180933
Ar 1.9035716019963944 3.0383122183419067 9.917023873421002
Ar 3.3689178138346545 2.2004780791047915 2.061301470785076
Ar 5.061862156832535 9.801795710713565 9.563811892931579
Ar 5.65844311212249 8.058627516769144 5.133822300983015
Ar 8.670947302731802 9.885384564129422 7.973155037834296
Ar 5.031047070567461 4.857709820597816 8.914354281605029
Ar 3.9124617358682467 3.587007324706024 5.975294914855283
Ar 7.905078845769847 3.3747448322647537 9.66852784626492
Ar 8.86555907994822 1.0876346428132588 6.350055227240075
Ar 4.210455285567178 5.831148615617799 9.849110500751165
Ar 1.720831085937804 9.505273944425975 6.3921379318811695
Ar 3.850625692704386 6.7784395423858355 5.848662785776938
Ar 6.480555409481576 5.043098550752905 1.1318457733698883
Ar 2.6511857561609666 7.188584797022991 9.316834254239797
Ar 4.090056672617125 2.5635272450105617 2.7121992707853493
Ar 7.513512971300292 3.208740672380391 3.0961761939704813
Ar 7.675507699120647 5.283658150666436 5.815876697027496
Ar 6.844685963935952 1.0278305911342098 0.49352108606608525
Ar 0.5340161592474157 1.3679398352942085 7.7997766757067915
Ar 0.9892738899809139 8.418830580131702 9.383948243675867
Ar 0.7114549175155072 9.406735128806336 3.5916542318595726
Ar 5.529814254209207 5.24080058480768 5.3829569467726
Ar 4.217902570799881 7.049936755419159 1.1166634298741929
Ar 1.9189946970894278 3.6164202405742243 2.6916318465261204
Ar 6.429076363725633 0.5430316829150506 4.757315820620133
Ar 2.669322649312096 5.382285076835491 8.729446824927008
Ar 3.278247448840599 1.834441677540768 7.077957998793105
Ar 2.7722653771731998 2.7071221498386846 8.315931053782759
Ar 9.31901990219412 0.5239698857304698 1.945468468958692
Ar 6.922083568587104 5.344223168576675 0.7256992148012109
Ar 0.9074450247596944 5.668177745136077 2.8974690652623316
Ar 4.131551381707911 9.319494366355066 4.840359987034151
Ar 2.5440519656931615 2.524643129057437 1.606586766203738
Ar 5.533896820142932 3.1982009673339395 6.254634753510877
Ar 5.837408135366933 9.900589620404407 7.367908382057067
Ar 1.1951871243368772 2.25210246766097 0.33595820429522805
Ar 0.8515796504148454 3.1489085678357256 6.330913262541147
Ar 0.25458940298339394 7.37763594812363 2.523871591104397
Ar 5.005302802746932 3.231387446733205 4.281185715252907
Ar 3.2885692154972848 1.472842873674054 6.271600356146444
Ar 6.352607654516013 2.5837036247475242 6.120622650831247
Ar 1.3980547574316242 2.5415431901370753 3.149867748772115
Ar 4.723263474868329 9.317313187734236 7.7112357774133145
Ar 6.90506327282237 7.160918267502863 8.89533834834885
Ar 4.58953195085925 1.4267975714781223 1.3234085076757751
Ar 2.5645623681822336 6.840383407645962 6.51316705579411
Ar 4.538799759742654 4.286821193443799 6.9628263871742835
Ar 8.108605706226154 4.587552149686748 6.357221281645326
Ar 6.938878253360567 2.259109616600915 0.7525952752795662
Ar 8.601751530448054 8.337929920071934 4.211224464756993
Ar 9.686089843488409 7.880765114503009 5.770337501815894
Ar 9.618474067490055 0.15284741916552824 3.3958138214840794
Ar 6.569845983754624 7.885197163102786 7.849280446524359
Ar 6.88593513231651 6.949972061919706 8.435069540248385
Ar 7.426587985896809 6.633488874068082 5.124346114461646
Ar 7.856900512269957 8.919421839878158 7.369039028175743
Ar 5.1516398791332545 3.8613129929434398 7.5060211979589875
Ar 2.2009064294896796 2.416990125643881 2.252433213433782
Ar 8.364572279927518 6.042507042954751 7.019444774063539
Ar 1.1126330190081757 4.2038803649805185 4.022886339719857
Ar 8.812107063217884 9.068745778873309 5.999966918385734
Ar 0.9919178912357351 5.256352273089403 1.996673296976057
Ar 2.1893232227041604 3.659812261628722 0.0587704587105653
Ar 4.430516747667916 7.38999207335522 0.9360936910413467
Ar 4.179441105499619 8.906318373287561 6.40618932697291
100
STEP=2
Ar 7.538728971455559 6.57107808032362 9.336484195559704
Ar 5.350498206992157 5.477809565775212 4.9763950736451825
Ar 3.302065411600955 4.722149431851221 4.481482040725463
Ar 6.9357684200905805 0.7756092213533206 8.566749871332933
Ar 4.580423733476629 3.60456880634209 5.5274075226709165
Ar 1.5168666537783293 8.120590982556845 7.583769811348155
Ar 5.352347705257344 4.4798841292603155 0.3386366154702879
Ar 5.365534856151727 7.801735984878163 6.003939461439398
Ar 9.632409465560483 4.260249847437222 1.144038420901391
Ar 4.312800588262461 4.651127105995025 6.340322128405278
Ar 3.9308972883836546 7.485202238175404 9.051629212424727
Ar 0.17790334991505397 3.7630520954525193 6.029506788450848
Ar 1.606657261402785 0.1899466020547873 9.326378511380092
Ar 4.4157968370118645 2.755254001105091 7.7726510138123555
Ar 1.3625083598216747 7.099605125222739 9.79113486726429
Ar 4.347132271557811 5.252712540851363 2.4274648713279934
Ar 2.061377920518357 0.9671944456755299 6.181223800182329
Ar 2.4772510182321605 8.445343324736488 6.891568703303483
Ar 3.1555449702473934 1.3592797409041857 3.0459366911687957
Ar 6.422091190275631 8.494968527207652 3.2881166344539947
Ar 6.369547668917329 0.8197282219957391 9.576507167912684
Ar 7.898987174431216 5.121540165481273 4.130380534484112
Ar 6.3195808512913 4.44302151771714 8.976564458921
Ar 2.3679421622505945 0.9810202476090579 2.257875946065757
Ar 2.760628069102972 0.4964563100378183 3.5513307559289653
Ar 5.03413570861369 5.236701269895451 5.827065064519424
Ar 9.0213175741976 6.30838176454219 1.5160710161906887
Ar 3.021437628809782 9.616936033052513 6.127938652614157
Ar 0.842879542088012 5.5433406854643295 1.8692426803520867
Ar 3.4149285154111686 8.182723486968653 6.1351438583043
Ar 8.878954463795566 9.046009502812144 0.29540415042458634
Ar 2.1071850939071735 2.5562643297937493 0.5954634964956573
Ar 4.06878261562735 2.9342927670793664 4.2457904660017185
Ar 8.207330238160704 6.318417648487114 5.737053745755872
Ar 1.974606557492108 1.0891242369064291 9.562806151180933
Ar 1.9035716019963944 3.0383122183419067 9.917023873421002
Ar 3.3689178138346545 2.2004780791047915 2.061301470785076
Ar 5.061862156832535 9.801795710713565 9.563811892931579
Ar 5.65844311212249 8.058627516769144 5.133822300983015
Ar 8.670947302731802 9.885384564129422 7.973155037834296
Ar 5.031047070567461 4.857709820597816 8.914354281605029
Ar 4.349235055322834 3.8537186527572294 5.843236868404844
Ar 8.31346008019686 3.7562689617686877 0.07652097531329538
Ar 8.86555907994822 1.0876346428132588 6.350055227240075
Ar 4.210455285567178 5.831148615617799 9.849110500751165
Ar 1.837146361232632 9.400315251570635 6.323814734594159
Ar 3.850625692704386 6.7784395423858355 5.848662785776938
Ar 6.480555409481576 5.043098550752905 1.1318457733698883
Ar 2.6511857561609666 7.188584797022991 9.316834254239797
Ar 4.090056672617125 2.5635272450105617 2.7121992707853493
Ar 7.513512971300292 3.208740672380391 3.0961761939704813
Ar 7.675507699120647 5.283658150666436 5.815876697027496
Ar 6.844685963935952 1.0278305911342098 0.49352108606608525
Ar 0.5340161592474157 1.3679398352942085 7.7997766757067915
Ar 0.9892738899809139 8.418830580131702 9.383948243675867
Ar 0.7114549175155072 9.406735128806336 3.5916542318595726
Ar 5.529814254209207 5.24080058480768 5.3829569467726
Ar 4.217902570799881 7.049936755419159 1.1166634298741929
Ar 1.9189946970894278 3.6164202405742243 2.6916318465261204
Ar 6.429076363725633 0.5430316829150506 4.757315820620133
Ar 2.669322649312096 5.382285076835491 8.729446824927008
Ar 3.6688522089818276 2.0435435590420825 6.973826999075317
Ar 2.7722653771731998 2.7071221498386846 8.315931053782759
Ar 9.31901990219412 0.5239698857304698 1.945468468958692
Ar 6.922083568587104 5.344223168576675 0.7256992148012109
Ar 0.9074450247596944 5.668177745136077 2.8974690652623316
Ar 4.131551381707911 9.319494366355066 4.840359987034151
Ar 2.5440519656931615 2.524643129057437 1.606586766203738
Ar 5.533896820142932 3.1982009673339395 6.254634753510877
Ar 5.837408135366933 9.900589620404407 7.367908382057067
Ar 1.1951871243368772 2.25210246766097 0.33595820429522805
Ar 0.8515796504148454 3.1489085678357256 6.330913262541147
Ar 0.25458940298339394 7.37763594812363 2.523871591104397
Ar 5.005302802746932 3.231387446733205 4.281185715252907
Ar 3.2885692154972848 1.472842873674054 6.271600356146444
Ar 6.352607654516013 2.5837036247475242 6.120622650831247
Ar 1.3980547574316242 2.5415431901370753 3.149867748772115
Ar 4.723263474868329 9.317313187734236 7.7112357774133145
Ar 6.90506327282237 7.160918267502863 8.89533834834885
Ar 4.58953195085925 1.4267975714781223 1.3234085076757751
Ar 2.5645623681822336 6.840383407645962 6.51316705579411
Ar 4.538799759742654 4.286821193443799 6.9628263871742835
Ar 8.108605706226154 4.587552149686748 6.357221281645326
Ar 6.938878253360567 2.259109616600915 0.7525952752795662
Ar 8.601751530448054 8.337929920071934 4.211224464756993
Ar 9.686089843488409 7.880765114503009 5.770337501815894
Ar 9.618474067490055 0.15284741916552824 3.3958138214840794
Ar 6.569845983754624 7.885197163102786 7.849280446524359
Ar 6.88593513231651 6.949972061919706 8.435069540248385
Ar 7.426587985896809 6.633488874068082 5.124346114461646
Ar 7.856900512269957 8.919421839878158 7.369039028175743
Ar 5.1516398791332545 3.8613129929434398 7.5060211979589875
Ar 2.2009064294896796 2.416990125643881 2.252433213433782
Ar 8.364572279927518 6.042507042954751 7.019444774063539
Ar 1.1126330190081757 4.2038803649805185 4.022886339719857
Ar 8.796439008783548 9.429692686584904 5.561862419398164
Ar 1.1741020028168618 5.724533131338869 2.2849704265050623
Ar 2.1893232227041604 3.659812261628722 0.0587704587105653
Ar 4.430516747667916 7.38999207335522 0.9360936910413467
Ar 4.179441105499619 8.906318373287561 6.40618932697291
100
STEP=3
Ar 7.538728971455559 6.57107808032362 9.336484195559704
Ar 5.350498206992157 5.477809565775212 4.9763950736451825
Ar 3.302065411600955 4.722149431851221 4.481482040725463
Ar 6.544729164797575 0.5755228277040134 8.308692634002865
Ar 4.580423733476629 3.60456880634209 5.5274075226709165
Ar 1.5168666537783293 8.120590982556845 7.583769811348155
Ar 5.352347705257344 4.4798841292603155 0.3386366154702879
Ar 5.365534856151727 7.801735984878163 6.003939461439398
Ar 9.632409465560483 4.260249847437222 1.144038420901391
Ar 4.312800588262461 4.651127105995025 6.340322128405278
Ar 3.9308972883836546 7.485202238175404 9.051629212424727
Ar 0.17790334991505397 3.7630520954525193 6.029506788450848
Ar 1.606657261402785 0.1899466020547873 9.326378511380092
Ar 4.4157968370118645 2.755254001105091 7.7726510138123555
Ar 1.3625083598216747 7.099605125222739 9.79113486726429
Ar 4.347132271557811 5.252712540851363 2.4274648713279934
Ar 2.061377920518357 0.9671944456755299 6.181223800182329
Ar 2.4772510182321605 8.445343324736488 6.891568703303483
Ar 3.1555449702473934 1.3592797409041857 3.0459366911687957
Ar 6.422091190275631 8.494968527207652 3.2881166344539947
Ar 6.369547668917329 0.8197282219957391 9.576507167912684
Ar 7.898987174431216 5.121540165481273 4.130380534484112
Ar 6.3195808512913 4.44302151771714 8.976564458921
Ar 2.3679421622505945 0.9810202476090579 2.257875946065757
Ar 2.760628069102972 0.4964563100378183 3.5513307559289653
Ar 5.03413570861369 5.236701269895451 5.827065064519424
Ar 9.0213175741976 6.30838176454219 1.5160710161906887
Ar 3.021437628809782 9.616936033052513 6.127938652614157
Ar 0.842879542088012 5.5433406854643295 1.8692426803520867
Ar 3.4149285154111686 8.182723486968653 6.1351438583043
Ar 8.878954463795566 9.046009502812144 0.29540415042458634
Ar 2.1071850939071735 2.5562643297937493 0.5954634964956573
Ar 4.06878261562735 2.9342927670793664 4.2457904660017185
Ar 8.207330238160704 6.318417648487114 5.737053745755872
Ar 1.974606557492108 1.0891242369064291 9.562806151180933
Ar 1.9035716019963944 3.0383122183419067 9.917023873421002
Ar 3.3689178138346545 2.2004780791047915 2.061301470785076
Ar 4.635771872524081 9.5975141126422 9.953241743815925
Ar 5.65844311212249 8.058627516769144 5.133822300983015
Ar 8.670947302731802 9.885384564129422 7.973155037834296
Ar 5.031047070567461 4.857709820597816 8.914354281605029
Ar 4.349235055322834 3.8537186527572294 5.843236868404844
Ar 8.31346008019686 3.7562689617686877 0.07652097531329538
Ar 8.86555907994822 1.0876346428132588 6.350055227240075
Ar 3.834852923345217 5.82177330068584 9.567506655641033
Ar 1.837146361232632 9.400315251570635 6.323814734594159
Ar 3.850625692704386 6.7784395423858355 5.848662785776938
Ar 6.480555409481576 5.043098550752905 1.1318457733698883
Ar 2.6511857561609666 7.188584797022991 9.316834254239797
Ar 4.090056672617125 2.5635272450105617 2.7121992707853493
Ar 7.513512971300292 3.208740672380391 3.0961761939704813
Ar 7.675507699120647 5.283658150666436 5.815876697027496
Ar 6.844685963935952 1.0278305911342098 0.49352108606608525
Ar 0.5340161592474157 1.3679398352942085 7.7997766757067915
Ar 0.9892738899809139 8.418830580131702 9.383948243675867
Ar 0.7114549175155072 9.406735128806336 3.5916542318595726
Ar 5.529814254209207 5.24080058480768 5.3829569467726
Ar 4.217902570799881 7.049936755419159 1.1166634298741929
Ar 2.2939166189548623 3.628030274832079 2.4803512917023927
Ar 6.429076363725633 0.5430316829150506 4.757315820620133
Ar 2.669322649312096 5.382285076835491 8.729446824927008
Ar 3.6688522089818276 2.0435435590420825 6.973826999075317
Ar 2.7722653771731998 2.7071221498386846 8.315931053782759
Ar 9.31901990219412 0.5239698857304698 1.945468468958692
Ar 6.922083568587104 5.344223168576675 0.7256992148012109
Ar 0.9074450247596944 5.668177745136077 2.8974690652623316
Ar 4.210575015330731 9.641497282421838 4.885194005278922
Ar 2.5440519656931615 2.524643129057437 1.606586766203738
Ar 5.533896820142932 3.1982009673339395 6.254634753510877
Ar 5.837408135366933 9.900589620404407 7.367908382057067
Ar 1.1951871243368772 2.25210246766097 0.33595820429522805
Ar 0.8515796504148454 3.1489085678357256 6.330913262541147
Ar 0.25458940298339394 7.37763594812363 2.523871591104397
Ar 5.005302802746932 3.231387446733205 4.281185715252907
Ar 3.2885692154972848 1.472842873674054 6.271600356146444
Ar 6.352607654516013 2.5837036247475242 6.120622650831247
Ar 1.829023973838063 3.0303595377178296 2.7507125628416533
Ar 4.723263474868329 9.317313187734236 7.7112357774133145
Ar 6.90506327282237 7.160918267502863 8.89533834834885
Ar 4.58953195085925 1.4267975714781223 1.3234085076757751
Ar 2.5645623681822336 6.840383407645962 6.51316705579411
Ar 4.538799759742654 4.286821193443799 6.9628263871742835
Ar 8.108605706226154 4.587552149686748 6.357221281645326
Ar 6.938878253360567 2.259109616600915 0.7525952752795662
Ar 8.601751530448054 8.337929920071934 4.211224464756993
Ar 9.686089843488409 7.880765114503009 5.770337501815894
Ar 9.618474067490055 0.15284741916552824 3.3958138214840794
Ar 6.903094607958786 7.750815227250424 7.558551770990069
Ar 6.88593513231651 6.949972061919706 8.435069540248385
Ar 7.426587985896809 6.633488874068082 5.124346114461646
Ar 7.856900512269957 8.919421839878158 7.369039028175743
Ar 5.1516398791332545 3.8613129929434398 7.5060211979589875
Ar 2.2009064294896796 2.416990125643881 2.252433213433782
Ar 8.192259719246977 5.653417734749712 7.444139611533439
Ar 1.1126330190081757 4.2038803649805185 4.022886339719857
Ar 8.796439008783548 9.429692686584904 5.561862419398164
Ar 1.1741020028168618 5.724533131338869 2.2849704265050623
Ar 2.1893232227041604 3.659812261628722 0.0587704587105653
Ar 3.9620127029256373 7.4129636312366936 0.47825290801973885
Ar 4.179441105499619 8.906318373287561 6.40618932697291
100
STEP=4
Ar 7.538728971455559 6.57107808032362 9.336484195559704
Ar 5.350498206992157 5.477809565775212 4.9763950736451825
Ar 3.302065411600955 4.722149431851221 4.481482040725463
Ar 6.544729164797575 0.5755228277040134 8.308692634002865
Ar 4.580423733476629 3.60456880634209 5.5274075226709165
Ar 1.5168666537783293 8.120590982556845 7.583769811348155
Ar 5.352347705257344 4.4798841292603155 0.3386366154702879
Ar 5.365534856151727 7.801735984878163 6.003939461439398
Ar 9.632409465560483 4.260249847437222 1.144038420901391
Ar 4.485948220102046 4.260032892154059 6.529916489179313
Ar 3.9308972883836546 7.485202238175404 9.051629212424727
Ar 0.17790334991505397 3.7630520954525193 6.029506788450848
Ar 1.606657261402785 0.1899466020547873 9.326378511380092
Ar 4.4157968370118645 2.755254001105091 7.7726510138123555
Ar 1.3625083598216747 7.099605125222739 9.79113486726429
Ar 4.347132271557811 5.252712540851363 2.4274648713279934
Ar 2.061377920518357 0.9671944456755299 6.181223800182329
Ar 2.4772510182321605 8.445343324736488 6.891568703303483
Ar 3.1555449702473934 1.3592797409041857 3.0459366911687957
Ar 6.422091190275631 8.494968527207652 3.2881166344539947
Ar 6.369547668917329 0.8197282219957391 9.576507167912684
Ar 7.898987174431216 5.121540165481273 4.130380534484112
Ar 6.3195808512913 4.44302151771714 8.976564458921
Ar 2.3679421622505945 0.9810202476090579 2.257875946065757
Ar 2.760628069102972 0.4964563100378183 3.5513307559289653
Ar 5.03413570861369 5.236701269895451 5.827065064519424
Ar 9.0213175741976 6.30838176454219 1.5160710161906887
Ar 3.021437628809782 9.616936033052513 6.127938652614157
Ar 0.8632063481115437 5.199388328412087 1.7814361029813284
Ar 3.4149285154111686 8.182723486968653 6.1351438583043
Ar 8.878954463795566 9.046009502812144 0.29540415042458634
Ar 2.3525291590046398 2.63132472877947 0.5155915772310421
Ar 4.06878261562735 2.9342927670793664 4.2457904660017185
Ar 8.207330238160704 6.318417648487114 5.737053745755872
Ar 1.974606557492108 1.0891242369064291 9.562806151180933
Ar 1.431103908598848 3.487352386377699 9.852871143055669
Ar 3.3689178138346545 2.2004780791047915 2.061301470785076
Ar 4.635771872524081 9.5975141126422 9.953241743815925
Ar 5.593159098686567 7.744731399010008 4.967954985081759
Ar 8.670947302731802 9.885384564129422 7.973155037834296
Ar 5.031047070567461 4.857709820597816 8.914354281605029
Ar 4.349235055322834 3.8537186527572294 5.843236868404844
Ar 8.31346008019686 3.7562689617686877 0.07652097531329538
Ar 8.86555907994822 1.0876346428132588 6.350055227240075
Ar 3.834852923345217 5.82177330068584 9.567506655641033
Ar 1.837146361232632 9.400315251570635 6.323814734594159
Ar 3.850625692704386 6.7784395423858355 5.848662785776938
Ar 6.480555409481576 5.043098550752905 1.1318457733698883
Ar 2.6511857561609666 7.188584797022991 9.316834254239797
Ar 4.090056672617125 2.5635272450105617 2.7121992707853493
Ar 7.513512971300292 3.208740672380391 3.0961761939704813
Ar 7.675507699120647 5.283658150666436 5.815876697027496
Ar 6.844685963935952 1.0278305911342098 0.49352108606608525
Ar 0.5340161592474157 1.3679398352942085 7.7997766757067915
Ar 0.9892738899809139 8.418830580131702 9.383948243675867
Ar 0.7114549175155072 9.406735128806336 3.5916542318595726
Ar 5.529814254209207 5.24080058480768 5.3829569467726
Ar 4.217902570799881 7.049936755419159 1.1166634298741929
Ar 2.2939166189548623 3.628030274832079 2.4803512917023927
Ar 6.429076363725633 0.5430316829150506 4.757315820620133
Ar 3.017241623844458 5.248678347884034 8.399866164936528
Ar 3.6688522089818276 2.0435435590420825 6.973826999075317
Ar 2.285026674574526 2.7879526925530547 8.345539036972877
Ar 9.31901990219412 0.5239698857304698 1.945468468958692
Ar 6.922083568587104 5.344223168576675 0.7256992148012109
Ar 0.9074450247596944 5.668177745136077 2.8974690652623316
Ar 4.210575015330731 9.641497282421838 4.885194005278922
Ar 2.5440519656931615 2.524643129057437 1.606586766203738
Ar 5.533896820142932 3.1982009673339395 6.254634753510877
Ar 5.837408135366933 9.900589620404407 7.367908382057067
Ar 1.1951871243368772 2.25210246766097 0.33595820429522805
Ar 0.8515796504148454 3.1489085678357256 6.330913262541147
Ar 0.7051203561383376 7.693019440676754 2.323306668471313
Ar 5.005302802746932 3.231387446733205 4.281185715252907
Ar 3.2885692154972848 1.472842873674054 6.271600356146444
Ar 6.352607654516013 2.5837036247475242 6.120622650831247
Ar 1.486418864227712 2.7432856460598902 2.9111583288417444
Ar 4.723263474868329 9.317313187734236 7.7112357774133145
Ar 6.90506327282237 7.160918267502863 8.89533834834885
Ar 4.58953195085925 1.4267975714781223 1.3234085076757751
Ar 2.5645623681822336 6.840383407645962 6.51316705579411
Ar 4.538799759742654 4.286821193443799 6.9628263871742835
Ar 8.108605706226154 4.587552149686748 6.357221281645326
Ar 6.938878253360567 2.259109616600915 0.7525952752795662
Ar 8.601751530448054 8.337929920071934 4.211224464756993
Ar 9.686089843488409 7.880765114503009 5.770337501815894
Ar 9.618474067490055 0.15284741916552824 3.3958138214840794
Ar 6.903094607958786 7.750815227250424 7.558551770990069
Ar 6.88593513231651 6.949972061919706 8.435069540248385
Ar 7.426587985896809 6.633488874068082 5.124346114461646
Ar 7.856900512269957 8.919421839878158 7.369039028175743
Ar 5.1516398791332545 3.8613129929434398 7.5060211979589875
Ar 2.2009064294896796 2.416990125643881 2.252433213433782
Ar 8.192259719246977 5.653417734749712 7.444139611533439
Ar 1.1126330190081757 4.2038803649805185 4.022886339719857
Ar 8.796439008783548 9.429692686584904 5.561862419398164
Ar 1.1741020028168618 5.724533131338869 2.2849704265050623
Ar 2.1893232227041604 3.659812261628722 0.0587704587105653
Ar 3.9620127029256373 7.4129636312366936 0.47825290801973885
Ar 4.179441105499619 8.906318373287561 6.40618932697291
100
STEP=5
Ar 7.538728971455559 6.57107808032362 9.336484195559704
Ar 5.350498206992157 5.477809565775212 4.9763950736451825
Ar 3.302065411600955 4.722149431851221 4.481482040725463
Ar 6.544729164797575 0.5755228277040134 8.308692634002865
Ar 4.580423733476629 3.60456880634209 5.5274075226709165
Ar 1.5168666537783293 8.120590982556845 7.583769811348155
Ar 5.352347705257344 4.4798841292603155 0.3386366154702879
Ar 5.365534856151727 7.801735984878163 6.003939461439398
Ar 9.632409465560483 4.260249847437222 1.144038420901391
Ar 4.485948220102046 4.260032892154059 6.529916489179313
Ar 3.9308972883836546 7.485202238175404 9.051629212424727
Ar 0.17790334991505397 3.7630520954525193 6.029506788450848
Ar 1.606657261402785 0.1899466020547873 9.326378511380092
Ar 4.255897765376991 2.8919422997029756 8.239389711690226
Ar 1.7984635189004934 7.136587727557949 0.03856994072407005
Ar 4.347132271557811 5.252712540851363 2.4274648713279934
Ar 2.061377920518357 0.9671944456755299 6.181223800182329
Ar 2.4772510182321605 8.445343324736488 6.891568703303483
Ar 3.1555449702473934 1.3592797409041857 3.0459366911687957
Ar 6.422091190275631 8.494968527207652 3.2881166344539947
Ar 6.369547668917329 0.8197282219957391 9.576507167912684
Ar 7.898987174431216 5.121540165481273 4.130380534484112
Ar 6.3195808512913 4.44302151771714 8.976564458921
Ar 2.3679421622505945 0.9810202476090579 2.257875946065757
Ar 2.9033426025270765 0.18065707298696443 3.4475265018432775
Ar 5.03413570861369 5.236701269895451 5.827065064519424
Ar 9.0213175741976 6.30838176454219 1.5160710161906887
Ar 3.021437628809782 9.616936033052513 6.127938652614157
Ar 0.8632063481115437 5.199388328412087 1.7814361029813284
Ar 3.8457956806318156 8.417351311851474 6.315533040871085
Ar 8.878954463795566 9.046009502812144 0.29540415042458634
Ar 2.3525291590046398 2.63132472877947 0.5155915772310421
Ar 3.640259484137781 2.690380024735533 4.595683480178824
Ar 8.207330238160704 6.318417648487114 5.737053745755872
Ar 1.974606557492108 1.0891242369064291 9.562806151180933
Ar 1.431103908598848 3.487352386377699 9.852871143055669
Ar 3.3689178138346545 2.2004780791047915 2.061301470785076
Ar 4.635771872524081 9.5975141126422 9.953241743815925
Ar 5.593159098686567 7.744731399010008 4.967954985081759
Ar 8.670947302731802 9.885384564129422 7.973155037834296
Ar 5.439352361957262 4.784189651220936 8.59844403989981
Ar 4.349235055322834 3.8537186527572294 5.843236868404844
Ar 8.31346008019686 3.7562689617686877 0.07652097531329538
Ar 8.86555907994822 1.0876346428132588 6.350055227240075
Ar 3.834852923345217 5.82177330068584 9.567506655641033
Ar 1.837146361232632 9.400315251570635 6.323814734594159
Ar 3.850625692704386 6.7784395423858355 5.848662785776938
Ar 6.480555409481576 5.043098550752905 1.1318457733698883
Ar 2.6511857561609666 7.188584797022991 9.316834254239797
Ar 4.090056672617125 2.5635272450105617 2.7121992707853493
Ar 7.513512971300292 3.208740672380391 3.0961761939704813
Ar 7.675507699120647 5.283658150666436 5.815876697027496
Ar 6.844685963935952 1.0278305911342098 0.49352108606608525
Ar 0.5340161592474157 1.3679398352942085 7.7997766757067915
Ar 0.9892738899809139 8.418830580131702 9.383948243675867
Ar 0.7114549175155072 9.406735128806336 3.5916542318595726
Ar 5.529814254209207 5.24080058480768 5.3829569467726
Ar 4.217902570799881 7.049936755419159 1.1166634298741929
Ar 2.2939166189548623 3.628030274832079 2.4803512917023927
Ar 6.429076363725633 0.5430316829150506 4.757315820620133
Ar 2.8139305075877976 4.841531733959248 8.124180483799222
Ar 3.6688522089818276 2.0435435590420825 6.973826999075317
Ar 2.285026674574526 2.7879526925530547 8.345539036972877
Ar 9.31901990219412 0.5239698857304698 1.945468468958692
Ar 6.922083568587104 5.344223168576675 0.7256992148012109
Ar 0.9074450247596944 5.668177745136077 2.8974690652623316
Ar 4.210575015330731 9.641497282421838 4.885194005278922
Ar 2.5440519656931615 2.524643129057437 1.606586766203738
Ar 5.533896820142932 3.1982009673339395 6.254634753510877
Ar 5.837408135366933 9.900589620404407 7.367908382057067
Ar 1.1951871243368772 2.25210246766097 0.33595820429522805
Ar 0.8515796504148454 3.1489085678357256 6.330913262541147
Ar 0.7051203561383376 7.693019440676754 2.323306668471313
Ar 5.005302802746932 3.231387446733205 4.281185715252907
Ar 3.2885692154972848 1.472842873674054 6.271600356146444
Ar 6.352607654516013 2.5837036247475242 6.120622650831247
Ar 1.486418864227712 2.7432856460598902 2.9111583288417444
Ar 4.723263474868329 9.317313187734236 7.7112357774133145
Ar 6.90506327282237 7.160918267502863 8.89533834834885
Ar 4.58953195085925 1.4267975714781223 1.3234085076757751
Ar 2.5645623681822336 6.840383407645962 6.51316705579411
Ar 4.538799759742654 4.286821193443799 6.9628263871742835
Ar 8.108605706226154 4.587552149686748 6.357221281645326
Ar 6.938878253360567 2.259109616600915 0.7525952752795662
Ar 8.601751530448054 8.337929920071934 4.211224464756993
Ar 9.686089843488409 7.880765114503009 5.770337501815894
Ar 0.20263654198966685 0.3555408012383072 3.355720172975579
Ar 6.903094607958786 7.750815227250424 7.558551770990069
Ar 6.88593513231651 6.949972061919706 8.435069540248385
Ar 7.426587985896809 6.633488874068082 5.124346114461646
Ar 7.856900512269957 8.919421839878158 7.369039028175743
Ar 5.1516398791332545 3.8613129929434398 7.5060211979589875
Ar 2.2009064294896796 2.416990125643881 2.252433213433782
Ar 8.192259719246977 5.653417734749712 7.444139611533439
Ar 1.1126330190081757 4.2038803649805185 4.022886339719857
Ar 8.796439008783548 9.429692686584904 5.561862419398164
Ar 1.1741020028168618 5.724533131338869 2.2849704265050623
Ar 2.1173632069571102 3.386841146212743 9.771639064698867
Ar 3.9620127029256373 7.4129636312366936 0.47825290801973885
Ar 4.179441105499619 8.906318373287561 6.40618932697291
100
STEP=6
Ar 7.8284578145718235 6.288291076042583 9.734120997065238
Ar 5.350498206992157 5.477809565775212 4.9763950736451825
Ar 3.302065411600955 4.722149431851221 4.481482040725463
Ar 6.544729164797575 0.5755228277040134 8.308692634002865
Ar 4.687220101082236 4.067834627761118 5.309278531664248
Ar 1.5168666537783293 8.120590982556845 7.583769811348155
Ar 5.352347705257344 4.4798841292603155 0.3386366154702879
Ar 5.365534856151727 7.801735984878163 6.003939461439398
Ar 9.632409465560483 4.260249847437222 1.144038420901391
Ar 4.485948220102046 4.260032892154059 6.529916489179313
Ar 3.9308972883836546 7.485202238175404 9.051629212424727
Ar 0.17790334991505397 3.7630520954525193 6.029506788450848
Ar 1.606657261402785 0.1899466020547873 9.326378511380092
Ar 4.255897765376991 2.8919422997029756 8.239389711690226
Ar 1.7984635189004934 7.136587727557949 0.03856994072407005
Ar 4.347132271557811 5.252712540851363 2.4274648713279934
Ar 2.061377920518357 0.9671944456755299 6.181223800182329
Ar 2.4772510182321605 8.445343324736488 6.891568703303483
Ar 3.1555449702473934 1.3592797409041857 3.0459366911687957
Ar 6.503496071584112 8.552630592402569 2.917497548776238
Ar 6.369547668917329 0.8197282219957391 9.576507167912684
Ar 7.898987174431216 5.121540165481273 4.130380534484112
Ar 6.3195808512913 4.44302151771714 8.976564458921
Ar 2.3679421622505945 0.9810202476090579 2.257875946065757
Ar 2.9033426025270765 0.18065707298696443 3.4475265018432775
Ar 5.03413570861369 5.236701269895451 5.827065064519424
Ar 9.0213175741976 6.30838176454219 1.5160710161906887
Ar 3.021437628809782 9.616936033052513 6.127938652614157
Ar 0.8632063481115437 5.199388328412087 1.7814361029813284
Ar 3.8457956806318156 8.417351311851474 6.315533040871085
Ar 8.878954463795566 9.046009502812144 0.29540415042458634
Ar 2.3525291590046398 2.63132472877947 0.5155915772310421
Ar 3.2851997548325715 2.6962715246595037 4.653840402455219
Ar 8.207330238160704 6.318417648487114 5.737053745755872
Ar 1.974606557492108 1.0891242369064291 9.562806151180933
Ar 2.3308678669053053 3.3991878213984545 9.521969877675433
Ar 3.3689178138346545 2.2004780791047915 2.061301470785076
Ar 4.635771872524081 9.5975141126422 9.953241743815925
Ar 5.593159098686567 7.744731399010008 4.967954985081759
Ar 8.670947302731802 9.885384564129422 7.973155037834296
Ar 5.439352361957262 4.784189651220936 8.59844403989981
Ar 4.349235055322834 3.8537186527572294 5.843236868404844
Ar 8.31346008019686 3.7562689617686877 0.07652097531329538
Ar 8.86555907994822 1.0876346428132588 6.350055227240075
Ar 3.834852923345217 5.82177330068584 9.567506655641033
Ar 1.837146361232632 9.400315251570635 6.323814734594159
Ar 3.850625692704386 6.7784395423858355 5.848662785776938
Ar 6.480555409481576 5.043098550752905 1.1318457733698883
Ar 2.6511857561609666 7.188584797022991 9.316834254239797
Ar 4.090056672617125 2.5635272450105617 2.7121992707853493
Ar 7.513512971300292 3.208740672380391 3.0961761939704813
Ar 8.112581570151486 5.641501278561302 5.39476953856787
Ar 6.844685963935952 1.0278305911342098 0.49352108606608525
Ar 0.5340161592474157 1.3679398352942085 7.7997766757067915
Ar 0.9892738899809139 8.418830580131702 9.383948243675867
Ar 0.7114549175155072 9.406735128806336 3.5916542318595726
Ar 5.962013832205057 4.9920381589284455 5.654832904645541
Ar 4.217902570799881 7.049936755419159 1.1166634298741929
Ar 2.2939166189548623 3.628030274832079 2.4803512917023927
Ar 6.429076363725633 0.5430316829150506 4.757315820620133
Ar 2.8139305075877976 4.841531733959248 8.124180483799222
Ar 3.6688522089818276 2.0435435590420825 6.973826999075317
Ar 2.285026674574526 2.7879526925530547 8.345539036972877
Ar 9.31901990219412 0.5239698857304698 1.945468468958692
Ar 6.922083568587104 5.344223168576675 0.7256992148012109
Ar 0.9074450247596944 5.668177745136077 2.8974690652623316
Ar 4.210575015330731 9.641497282421838 4.885194005278922
Ar 2.5440519656931615 2.524643129057437 1.606586766203738
Ar 5.533896820142932 3.1982009673339395 6.254634753510877
Ar 5.837408135366933 9.900589620404407 7.367908382057067
Ar 1.1951871243368772 2.25210246766097 0.33595820429522805
Ar 0.8515796504148454 3.1489085678357256 6.330913262541147
Ar 0.7051203561383376 7.693019440676754 2.323306668471313
Ar 5.005302802746932 3.231387446733205 4.281185715252907
Ar 3.2885692154972848 1.472842873674054 6.271600356146444
Ar 6.352607654516013 2.5837036247475242 6.120622650831247
Ar 1.486418864227712 2.7432856460598902 2.9111583288417444
Ar 4.723263474868329 9.317313187734236 7.7112357774133145
Ar 6.90506327282237 7.160918267502863 8.89533834834885
Ar 4.58953195085925 1.4267975714781223 1.3234085076757751
Ar 2.2825946635873873 6.7669907286967135 6.970123106354098
Ar 4.538799759742654 4.286821193443799 6.9628263871742835
Ar 8.108605706226154 4.587552149686748 6.357221281645326
Ar 6.938878253360567 2.259109616600915 0.7525952752795662
Ar 8.601751530448054 8.337929920071934 4.211224464756993
Ar 9.686089843488409 7.880765114503009 5.770337501815894
Ar 0.20263654198966685 0.3555408012383072 3.355720172975579
Ar 6.903094607958786 7.750815227250424 7.558551770990069
Ar 6.88593513231651 6.949972061919706 8.435069540248385
Ar 7.814416730804328 6.682082803640427 5.541594366508673
Ar 7.856900512269957 8.919421839878158 7.369039028175743
Ar 5.1516398791332545 3.8613129929434398 7.5060211979589875
Ar 2.2009064294896796 2.416990125643881 2.252433213433782
Ar 8.192259719246977 5.653417734749712 7.444139611533439
Ar 1.1126330190081757 4.2038803649805185 4.022886339719857
Ar 8.796439008783548 9.429692686584904 5.561862419398164
Ar 1.1741020028168618 5.724533131338869 2.2849704265050623
Ar 2.1173632069571102 3.386841146212743 9.771639064698867
Ar 3.9620127029256373 7.4129636312366936 0.47825290801973885
Ar 4.179441105499619 8.906318373287561 6.40618932697291
100
STEP=7
Ar 7.8284578145718235 6.288291076042583 9.734120997065238
Ar 5.350498206992157 5.477809565775212 4.9763950736451825
Ar 3.1837770898528284 4.728783247456084 4.34892742717845
Ar 6.544729164797575 0.5755228277040134 8.308692634002865
Ar 4.687220101082236 4.067834627761118 5.309278531664248
Ar 1.5168666537783293 8.120590982556845 7.583769811348155
Ar 5.352347705257344 4.4798841292603155 0.3386366154702879
Ar 5.365534856151727 7.801735984878163 6.003939461439398
Ar 9.632409465560483 4.260249847437222 1.144038420901391
Ar 4.485948220102046 4.260032892154059 6.529916489179313
Ar 3.9308972883836546 7.485202238175404 9.051629212424727
Ar 0.17790334991505397 3.7630520954525193 6.029506788450848
Ar 1.606657261402785 0.1899466020547873 9.326378511380092
Ar 4.255897765376991 2.8919422997029756 8.239389711690226
Ar 1.7984635189004934 7.136587727557949 0.03856994072407005
Ar 4.347132271557811 5.252712540851363 2.4274648713279934
Ar 2.061377920518357 0.9671944456755299 6.181223800182329
Ar 2.6154191192839167 8.824833288784653 7.279497333354804
Ar 3.1555449702473934 1.3592797409041857 3.0459366911687957
Ar 6.503496071584112 8.552630592402569 2.917497548776238
Ar 6.369547668917329 0.8197282219957391 9.576507167912684
Ar 7.898987174431216 5.121540165481273 4.130380534484112
Ar 6.3195808512913 4.44302151771714 8.976564458921
Ar 2.3679421622505945 0.9810202476090579 2.257875946065757
Ar 2.9033426025270765 0.18065707298696443 3.4475265018432775
Ar 5.03413570861369 5.236701269895451 5.827065064519424
Ar 9.0213175741976 6.30838176454219 1.5160710161906887
Ar 2.9357513445516026 9.878601385276035 5.934246221180776
Ar 0.8632063481115437 5.199388328412087 1.7814361029813284
Ar 3.8457956806318156 8.417351311851474 6.315533040871085
Ar 8.878954463795566 9.046009502812144 0.29540415042458634
Ar 2.3525291590046398 2.63132472877947 0.5155915772310421
Ar 3.2851997548325715 2.6962715246595037 4.653840402455219
Ar 8.270000513195741 6.072663571657924 5.743965258358829
Ar 1.974606557492108 1.0891242369064291 9.562806151180933
Ar 2.3308678669053053 3.3991878213984545 9.521969877675433
Ar 3.3689178138346545 2.2004780791047915 2.061301470785076
Ar 4.635771872524081 9.5975141126422 9.953241743815925
Ar 5.593159098686567 7.744731399010008 4.967954985081759
Ar 8.670947302731802 9.885384564129422 7.973155037834296
Ar 5.439352361957262 4.784189651220936 8.59844403989981
Ar 4.349235055322834 3.8537186527572294 5.843236868404844
Ar 8.31346008019686 3.7562689617686877 0.07652097531329538
Ar 8.86555907994822 1.0876346428132588 6.350055227240075
Ar 3.834852923345217 5.82177330068584 9.567506655641033
Ar 1.837146361232632 9.400315251570635 6.323814734594159
Ar 3.7038833302648584 6.986044411121861 5.394209325111402
Ar 6.480555409481576 5.043098550752905 1.1318457733698883
Ar 2.6511857561609666 7.188584797022991 9.316834254239797
Ar 4.090056672617125 2.5635272450105617 2.7121992707853493
Ar 7.889248049944355 3.5798011730234975 3.555288562068043
Ar 8.112581570151486 5.641501278561302 5.39476953856787
Ar 6.844685963935952 1.0278305911342098 0.49352108606608525
Ar 0.5340161592474157 1.3679398352942085 7.7997766757067915
Ar 0.9892738899809139 8.418830580131702 9.383948243675867
Ar 0.7114549175155072 9.406735128806336 3.5916542318595726
Ar 5.962013832205057 4.9920381589284455 5.654832904645541
Ar 4.517566925470328 6.787877992304872 1.0263242617526742
Ar 2.2939166189548623 3.628030274832079 2.4803512917023927
Ar 6.429076363725633 0.5430316829150506 4.757315820620133
Ar 2.6700962852383716 5.0911656350754315 7.9508895113919404
Ar 3.6688522089818276 2.0435435590420825 6.973826999075317
Ar 2.285026674574526 2.7879526925530547 8.345539036972877
Ar 9.31901990219412 0.5239698857304698 1.945468468958692
Ar 6.922083568587104 5.344223168576675 0.7256992148012109
Ar 0.9074450247596944 5.668177745136077 2.8974690652623316
Ar 4.210575015330731 9.641497282421838 4.885194005278922
Ar 2.5440519656931615 2.524643129057437 1.606586766203738
Ar 5.533896820142932 3.1982009673339395 6.254634753510877
Ar 5.837408135366933 9.900589620404407 7.367908382057067
Ar 1.4450434247737687 2.5150591122048422 0.7540724543723476
Ar 0.8515796504148454 3.1489085678357256 6.330913262541147
Ar 0.7051203561383376 7.693019440676754 2.323306668471313
Ar 5.005302802746932 3.231387446733205 4.281185715252907
Ar 3.2885692154972848 1.472842873674054 6.271600356146444
Ar 6.352607654516013 2.5837036247475242 6.120622650831247
Ar 1.2597433329600463 3.076996131696167 2.944214054567768
Ar 4.723263474868329 9.317313187734236 7.7112357774133145
Ar 6.90506327282237 7.160918267502863 8.89533834834885
Ar 4.58953195085925 1.4267975714781223 1.3234085076757751
Ar 2.2825946635873873 6.7669907286967135 6.970123106354098
Ar 4.538799759742654 4.286821193443799 6.9628263871742835
Ar 8.108605706226154 4.587552149686748 6.357221281645326
Ar 6.938878253360567 2.259109616600915 0.7525952752795662
Ar 8.601751530448054 8.337929920071934 4.211224464756993
Ar 9.686089843488409 7.880765114503009 5.770337501815894
Ar 0.20263654198966685 0.3555408012383072 3.355720172975579
Ar 6.903094607958786 7.750815227250424 7.558551770990069
Ar 6.88593513231651 6.949972061919706 8.435069540248385
Ar 7.814416730804328 6.682082803640427 5.541594366508673
Ar 7.856900512269957 8.919421839878158 7.369039028175743
Ar 5.1516398791332545 3.8613129929434398 7.5060211979589875
Ar 2.2009064294896796 2.416990125643881 2.252433213433782
Ar 8.192259719246977 5.653417734749712 7.444139611533439
Ar 1.1126330190081757 4.2038803649805185 4.022886339719857
Ar 8.796439008783548 9.429692686584904 5.561862419398164
Ar 1.1741020028168618 5.724533131338869 2.2849704265050623
Ar 2.1173632069571102 3.386841146212743 9.771639064698867
Ar 3.9620127029256373 7.4129636312366936 0.47825290801973885
Ar 4.179441105499619 8.906318373287561 6.40618932697291
100
STEP=8
Ar 7.8284578145718235 6.288291076042583 9.734120997065238
Ar 5.350498206992157 5.477809565775212 4.9763950736451825
Ar 3.1837770898528284 4.728783247456084 4.34892742717845
Ar 6.544729164797575 0.5755228277040134 8.308692634002865
Ar 4.687220101082236 4.067834627761118 5.309278531664248
Ar 1.5168666537783293 8.120590982556845 7.583769811348155
Ar 5.352347705257344 4.4798841292603155 0.3386366154702879
Ar 5.365534856151727 7.801735984878163 6.003939461439398
Ar 9.632409465560483 4.260249847437222 1.144038420901391
Ar 4.485948220102046 4.260032892154059 6.529916489179313
Ar 3.4670263527712555 7.015067940168374 9.486181149106063
Ar 0.17790334991505397 3.7630520954525193 6.029506788450848
Ar 1.606657261402785 0.1899466020547873 9.326378511380092
Ar 4.255897765376991 2.8919422997029756 8.239389711690226
Ar 1.7984635189004934 7.136587727557949 0.03856994072407005
Ar 4.347132271557811 5.252712540851363 2.4274648713279934
Ar 2.061377920518357 0.9671944456755299 6.181223800182329
Ar 2.6154191192839167 8.824833288784653 7.279497333354804
Ar 3.1555449702473934 1.3592797409041857 3.0459366911687957
Ar 6.503496071584112 8.552630592402569 2.917497548776238
Ar 6.369547668917329 0.8197282219957391 9.576507167912684
Ar 7.898987174431216 5.121540165481273 4.130380534484112
Ar 6.3195808512913 4.44302151771714 8.976564458921
Ar 2.3679421622505945 0.9810202476090579 2.257875946065757
Ar 2.9033426025270765 0.18065707298696443 3.4475265018432775
Ar 5.03413570861369 5.236701269895451 5.827065064519424
Ar 9.0213175741976 6.30838176454219 1.5160710161906887
Ar 2.9357513445516026 9.878601385276035 5.934246221180776
Ar 0.8632063481115437 5.199388328412087 1.7814361029813284
Ar 3.8457956806318156 8.417351311851474 6.315533040871085
Ar 8.878954463795566 9.046009502812144 0.29540415042458634
Ar 2.3525291590046398 2.63132472877947 0.5155915772310421
Ar 3.2851997548325715 2.6962715246595037 4.653840402455219
Ar 8.270000513195741 6.072663571657924 5.743965258358829
Ar 1.974606557492108 1.0891242369064291 9.562806151180933
Ar 2.3308678669053053 3.3991878213984545 9.521969877675433
Ar 3.3689178138346545 2.2004780791047915 2.061301470785076
Ar 4.635771872524081 9.5975141126422 9.953241743815925
Ar 5.19945487302123 7.856304647941609 4.6427327562310605
Ar 8.670947302731802 9.885384564129422 7.973155037834296
Ar 5.439352361957262 4.784189651220936 8.59844403989981
Ar 4.349235055322834 3.8537186527572294 5.843236868404844
Ar 8.31346008019686 3.7562689617686877 0.07652097531329538
Ar 8.86555907994822 1.0876346428132588 6.350055227240075
Ar 3.834852923345217 5.82177330068584 9.567506655641033
Ar 1.7773066447814463 9.516486708115737 6.461192709806637
Ar 3.7038833302648584 6.986044411121861 5.394209325111402
Ar 6.480555409481576 5.043098550752905 1.1318457733698883
Ar 2.6511857561609666 7.188584797022991 9.316834254239797
Ar 4.090056672617125 2.5635272450105617 2.7121992707853493
Ar 8.264072078130143 3.587624008564548 3.141646195822665
Ar 8.112581570151486 5.641501278561302 5.39476953856787
Ar 6.844685963935952 1.0278305911342098 0.49352108606608525
Ar 0.5340161592474157 1.3679398352942085 7.7997766757067915
Ar 0.9892738899809139 8.418830580131702 9.383948243675867
Ar 0.7114549175155072 9.406735128806336 3.5916542318595726
Ar 5.962013832205057 4.9920381589284455 5.654832904645541
Ar 4.17228549553376 6.458750130258139 0.8305933888225964
Ar 2.2939166189548623 3.628030274832079 2.4803512917023927
Ar 6.429076363725633 0.5430316829150506 4.757315820620133
Ar 2.6700962852383716 5.0911656350754315 7.9508895113919404
Ar 3.6688522089818276 2.0435435590420825 6.973826999075317
Ar 2.285026674574526 2.7879526925530547 8.345539036972877
Ar 9.149863587247166 0.1445198413546761 2.2006136924115927
Ar 6.922083568587104 5.344223168576675 0.7256992148012109
Ar 0.9074450247596944 5.668177745136077 2.8974690652623316
Ar 4.210575015330731 9.641497282421838 4.885194005278922
Ar 2.5440519656931615 2.524643129057437 1.606586766203738
Ar 5.533896820142932 3.1982009673339395 6.254634753510877
Ar 6.180721920194103 0.2660617597015129 7.024963399672304
Ar 1.4450434247737687 2.5150591122048422 0.7540724543723476
Ar 1.0644019720217053 2.8240979818892415 6.355165811018126
Ar 0.7051203561383376 7.693019440676754 2.323306668471313
Ar 5.005302802746932 3.231387446733205 4.281185715252907
Ar 3.2885692154972848 1.472842873674054 6.271600356146444
Ar 6.352607654516013 2.5837036247475242 6.120622650831247
Ar 1.2597433329600463 3.076996131696167 2.944214054567768
Ar 4.723263474868329 9.317313187734236 7.7112357774133145
Ar 6.90506327282237 7.160918267502863 8.89533834834885
Ar 4.58953195085925 1.4267975714781223 1.3234085076757751
Ar 2.2825946635873873 6.7669907286967135 6.970123106354098
Ar 4.538799759742654 4.286821193443799 6.9628263871742835
Ar 8.108605706226154 4.587552149686748 6.357221281645326
Ar 6.594789044482729 2.187127807189267 0.782496932044859
Ar 8.601751530448054 8.337929920071934 4.211224464756993
Ar 9.686089843488409 7.880765114503009 5.770337501815894
Ar 0.20263654198966685 0.3555408012383072 3.355720172975579
Ar 6.903094607958786 7.750815227250424 7.558551770990069
Ar 6.88593513231651 6.949972061919706 8.435069540248385
Ar 7.814416730804328 6.682082803640427 5.541594366508673
Ar 7.856900512269957 8.919421839878158 7.369039028175743
Ar 5.1516398791332545 3.8613129929434398 7.5060211979589875
Ar 2.2009064294896796 2.416990125643881 2.252433213433782
Ar 8.192259719246977 5.653417734749712 7.444139611533439
Ar 1.1126330190081757 4.2038803649805185 4.022886339719857
Ar 8.688922054658311 9.30118059163538 5.608002216862425
Ar 1.1741020028168618 5.724533131338869 2.2849704265050623
Ar 2.1173632069571102 3.386841146212743 9.771639064698867
Ar 3.9620127029256373 7.4129636312366936 0.47825290801973885
Ar 4.179441105499619 8.906318373287561 6.40618932697291
100
STEP=9
Ar 7.8284578145718235 6.288291076042583 9.734120997065238
Ar 5.350498206992157 5.477809565775212 4.9763950736451825
Ar 3.1837770898528284 4.728783247456084 4.34892742717845
Ar 6.544729164797575 0.5755228277040134 8.308692634002865
Ar 4.687220101082236 4.067834627761118 5.309278531664248
Ar 1.5168666537783293 8.120590982556845 7.583769811348155
Ar 5.352347705257344 4.4798841292603155 0.3386366154702879
Ar 5.365534856151727 7.801735984878163 6.003939461439398
Ar 9.632409465560483 4.260249847437222 1.144038420901391
Ar 4.485948220102046 4.260032892154059 6.529916489179313
Ar 3.4670263527712555 7.015067940168374 9.486181149106063
Ar 0.17790334991505397 3.7630520954525193 6.029506788450848
Ar 1.606657261402785 0.1899466020547873 9.326378511380092
Ar 4.717299700510563 3.188240510396368 8.10775484125372
Ar 1.7984635189004934 7.136587727557949 0.03856994072407005
Ar 4.347132271557811 5.252712540851363 2.4274648713279934
Ar 2.061377920518357 0.9671944456755299 6.181223800182329
Ar 2.6154191192839167 8.824833288784653 7.279497333354804
Ar 3.1555449702473934 1.3592797409041857 3.0459366911687957
Ar 6.503496071584112 8.552630592402569 2.917497548776238
Ar 6.591788169561346 0.574134558181494 9.681484822232626
Ar 7.898987174431216 5.121540165481273 4.130380534484112
Ar 6.3195808512913 4.44302151771714 8.976564458921
Ar 2.3679421622505945 0.9810202476090579 2.257875946065757
Ar 2.9033426025270765 0.18065707298696443 3.4475265018432775
Ar 5.03413570861369 5.236701269895451 5.827065064519424
Ar 9.0213175741976 6.30838176454219 1.5160710161906887
Ar 2.9357513445516026 9.878601385276035 5.934246221180776
Ar 0.8632063481115437 5.199388328412087 1.7814361029813284
Ar 3.8457956806318156 8.417351311851474 6.315533040871085
Ar 8.878954463795566 9.046009502812144 0.29540415042458634
Ar 2.3525291590046398 2.63132472877947 0.5155915772310421
Ar 3.5655290894677005 2.263472155170807 4.650988074899491
Ar 8.270000513195741 6.072663571657924 5.743965258358829
Ar 1.974606557492108 1.0891242369064291 9.562806151180933
Ar 2.813932670956423 3.8510138040369566 9.508265790590402
Ar 3.3689178138346545 2.2004780791047915 2.061301470785076
Ar 4.635771872524081 9.5975141126422 9.953241743815925
Ar 5.19945487302123 7.856304647941609 4.6427327562310605
Ar 8.670947302731802 9.885384564129422 7.973155037834296
Ar 5.439352361957262 4.784189651220936 8.59844403989981
Ar 4.349235055322834 3.8537186527572294 5.843236868404844
Ar 8.31346008019686 3.7562689617686877 0.07652097531329538
Ar 8.86555907994822 1.0876346428132588 6.350055227240075
Ar 3.834852923345217 5.82177330068584 9.567506655641033
Ar 1.7773066447814463 9.516486708115737 6.461192709806637
Ar 3.7038833302648584 6.986044411121861 5.394209325111402
Ar 6.480555409481576 5.043098550752905 1.1318457733698883
Ar 2.6511857561609666 7.188584797022991 9.316834254239797
Ar 4.090056672617125 2.5635272450105617 2.7121992707853493
Ar 8.264072078130143 3.587624008564548 3.141646195822665
Ar 8.112581570151486 5.641501278561302 5.39476953856787
Ar 6.844685963935952 1.0278305911342098 0.49352108606608525
Ar 0.5340161592474157 1.3679398352942085 7.7997766757067915
Ar 0.9892738899809139 8.418830580131702 9.383948243675867
Ar 0.7114549175155072 9.406735128806336 3.5916542318595726
Ar 5.962013832205057 4.9920381589284455 5.654832904645541
Ar 4.17228549553376 6.458750130258139 0.8305933888225964
Ar 2.2939166189548623 3.628030274832079 2.4803512917023927
Ar 6.429076363725633 0.5430316829150506 4.757315820620133
Ar 2.6700962852383716 5.0911656350754315 7.9508895113919404
Ar 3.6688522089818276 2.0435435590420825 6.973826999075317
Ar 2.285026674574526 2.7879526925530547 8.345539036972877
Ar 9.149863587247166 0.1445198413546761 2.2006136924115927
Ar 6.643245474798434 5.7134023745225475 1.1342679167102703
Ar 0.9074450247596944 5.668177745136077 2.8974690652623316
Ar 3.996921190865369 9.798775273923088 4.949383305536412
Ar 2.5440519656931615 2.524643129057437 1.606586766203738
Ar 5.533896820142932 3.1982009673339395 6.254634753510877
Ar 6.180721920194103 0.2660617597015129 7.024963399672304
Ar 1.4450434247737687 2.5150591122048422 0.7540724543723476
Ar 1.0644019720217053 2.8240979818892415 6.355165811018126
Ar 0.7051203561383376 7.693019440676754 2.323306668471313
Ar 5.005302802746932 3.231387446733205 4.281185715252907
Ar 3.2885692154972848 1.472842873674054 6.271600356146444
Ar 6.352607654516013 2.5837036247475242 6.120622650831247
Ar 1.2597433329600463 3.076996131696167 2.944214054567768
Ar 4.723263474868329 9.317313187734236 7.7112357774133145
Ar 6.90506327282237 7.160918267502863 8.89533834834885
Ar 4.58953195085925 1.4267975714781223 1.3234085076757751
Ar 2.2825946635873873 6.7669907286967135 6.970123106354098
Ar 4.538799759742654 4.286821193443799 6.9628263871742835
Ar 8.108605706226154 4.587552149686748 6.357221281645326
Ar 6.594789044482729 2.187127807189267 0.782496932044859
Ar 8.601751530448054 8.337929920071934 4.211224464756993
Ar 9.686089843488409 7.880765114503009 5.770337501815894
Ar 0.20263654198966685 0.3555408012383072 3.355720172975579
Ar 6.903094607958786 7.750815227250424 7.558551770990069
Ar 6.88593513231651 6.949972061919706 8.435069540248385
Ar 7.814416730804328 6.682082803640427 5.541594366508673
Ar 7.803509986121972 8.989487619368484 7.6210226873573585
Ar 5.1516398791332545 3.8613129929434398 7.5060211979589875
Ar 2.2009064294896796 2.416990125643881 2.252433213433782
Ar 8.192259719246977 5.653417734749712 7.444139611533439
Ar 1.1126330190081757 4.2038803649805185 4.022886339719857
Ar 8.688922054658311 9.30118059163538 5.608002216862425
Ar 1.1741020028168618 5.724533131338869 2.2849704265050623
Ar 2.1173632069571102 3.386841146212743 9.771639064698867
Ar 3.9620127029256373 7.4129636312366936 0.47825290801973885
Ar 4.179441105499619 8.906318373287561 6.40618932697291
100
STEP=10
Ar 7.8284578145718235 6.288291076042583 9.734120997065238
Ar 5.299664724173466 5.939680105458295 5.038139839981698
Ar 3.1837770898528284 4.728783247456084 4.34892742717845
Ar 6.544729164797575 0.5755228277040134 8.308692634002865
Ar 4.687220101082236 4.067834627761118 5.309278531664248
Ar 1.5168666537783293 8.120590982556845 7.583769811348155
Ar 5.352347705257344 4.4798841292603155 0.3386366154702879
Ar 5.365534856151727 7.801735984878163 6.003939461439398
Ar 9.632409465560483 4.260249847437222 1.144038420901391
Ar 4.485948220102046 4.260032892154059 6.529916489179313
Ar 3.4670263527712555 7.015067940168374 9.486181149106063
Ar 0.019818707975310823 3.365161446619816 6.015257082657817
Ar 1.606657261402785 0.1899466020547873 9.326378511380092
Ar 4.717299700510563 3.188240510396368 8.10775484125372
Ar 1.5128580670550817 6.807073475815093 0.15166350378547655
Ar 4.077041081911504 4.934334493258214 1.9874376126467057
Ar 2.061377920518357 0.9671944456755299 6.181223800182329
Ar 2.413715336256113 9.154026726366743 7.582263366597191
Ar 3.1555449702473934 1.3592797409041857 3.0459366911687957
Ar 6.503496071584112 8.552630592402569 2.917497548776238
Ar 6.861655061499006 0.8623017864235532 9.451688878068053
Ar 7.898987174431216 5.121540165481273 4.130380534484112
Ar 6.3195808512913 4.44302151771714 8.976564458921
Ar 2.3679421622505945 0.9810202476090579 2.257875946065757
Ar 2.9033426025270765 0.18065707298696443 3.4475265018432775
Ar 5.03413570861369 5.236701269895451 5.827065064519424
Ar 9.0213175741976 6.30838176454219 1.5160710161906887
Ar 2.9357513445516026 9.878601385276035 5.934246221180776
Ar 0.8632063481115437 5.199388328412087 1.7814361029813284
Ar 3.8457956806318156 8.417351311851474 6.315533040871085
Ar 8.878954463795566 9.046009502812144 0.29540415042458634
Ar 2.3525291590046398 2.63132472877947 0.5155915772310421
Ar 3.5655290894677005 2.263472155170807 4.650988074899491
Ar 8.270000513195741 6.072663571657924 5.743965258358829
Ar 2.318124040320283 1.5038093850734098 9.392263782439933
Ar 2.813932670956423 3.8510138040369566 9.508265790590402
Ar 3.3689178138346545 2.2004780791047915 2.061301470785076
Ar 4.635771872524081 9.5975141126422 9.953241743815925
Ar 5.19945487302123 7.856304647941609 4.6427327562310605
Ar 8.670947302731802 9.885384564129422 7.973155037834296
Ar 5.439352361957262 4.784189651220936 8.59844403989981
Ar 4.349235055322834 3.8537186527572294 5.843236868404844
Ar 8.31346008019686 3.7562689617686877 0.07652097531329538
Ar 8.86555907994822 1.0876346428132588 6.350055227240075
Ar 3.834852923345217 5.82177330068584 9.567506655641033
Ar 1.7773066447814463 9.516486708115737 6.461192709806637
Ar 3.7038833302648584 6.986044411121861 5.394209325111402
Ar 6.480555409481576 5.043098550752905 1.1318457733698883
Ar 2.6511857561609666 7.188584797022991 9.316834254239797
Ar 4.090056672617125 2.5635272450105617 2.7121992707853493
Ar 8.264072078130143 3.587624008564548 3.141646195822665
Ar 7.703550712186932 6.101083565968609 5.013337660843535
Ar 6.844685963935952 1.0278305911342098 0.49352108606608525
Ar 0.5340161592474157 1.3679398352942085 7.7997766757067915
Ar 0.9892738899809139 8.418830580131702 9.383948243675867
Ar 0.7114549175155072 9.406735128806336 3.5916542318595726
Ar 5.962013832205057 4.9920381589284455 5.654832904645541
Ar 4.17228549553376 6.458750130258139 0.8305933888225964
Ar 2.2939166189548623 3.628030274832079 2.4803512917023927
Ar 6.429076363725633 0.5430316829150506 4.757315820620133
Ar 2.6700962852383716 5.0911656350754315 7.9508895113919404
Ar 3.6688522089818276 2.0435435590420825 6.973826999075317
Ar 2.285026674574526 2.7879526925530547 8.345539036972877
Ar 9.149863587247166 0.1445198413546761 2.2006136924115927
Ar 6.643245474798434 5.7134023745225475 1.1342679167102703
Ar 0.9074450247596944 5.668177745136077 2.8974690652623316
Ar 4.352346751887366 9.501121469545495 5.332196605767348
Ar 2.5440519656931615 2.524643129057437 1.606586766203738
Ar 5.533896820142932 3.1982009673339395 6.254634753510877
Ar 6.180721920194103 0.2660617597015129 7.024963399672304
Ar 1.4450434247737687 2.5150591122048422 0.7540724543723476
Ar 1.0644019720217053 2.8240979818892415 6.355165811018126
Ar 0.7051203561383376 7.693019440676754 2.323306668471313
Ar 5.005302802746932 3.231387446733205 4.281185715252907
Ar 3.2885692154972848 1.472842873674054 6.271600356146444
Ar 6.352607654516013 2.5837036247475242 6.120622650831247
Ar 1.2597433329600463 3.076996131696167 2.944214054567768
Ar 4.723263474868329 9.317313187734236 7.7112357774133145
Ar 6.90506327282237 7.160918267502863 8.89533834834885
Ar 4.58953195085925 1.4267975714781223 1.3234085076757751
Ar 2.2825946635873873 6.7669907286967135 6.970123106354098
Ar 4.538799759742654 4.286821193443799 6.9628263871742835
Ar 8.108605706226154 4.587552149686748 6.357221281645326
Ar 6.594789044482729 2.187127807189267 0.782496932044859
Ar 8.601751530448054 8.337929920071934 4.211224464756993
Ar 9.686089843488409 7.880765114503009 5.770337501815894
Ar 0.20263654198966685 0.3555408012383072 3.355720172975579
Ar 6.903094607958786 7.750815227250424 7.558551770990069
Ar 6.88593513231651 6.949972061919706 8.435069540248385
Ar 7.814416730804328 6.682082803640427 5.541594366508673
Ar 7.803509986121972 8.989487619368484 7.6210226873573585
Ar 5.1516398791332545 3.8613129929434398 7.5060211979589875
Ar 2.2009064294896796 2.416990125643881 2.252433213433782
Ar 8.192259719246977 5.653417734749712 7.444139611533439
Ar 1.1126330190081757 4.2038803649805185 4.022886339719857
Ar 8.318105634157012 9.160636831872948 6.068110262369206
Ar 1.1741020028168618 5.724533131338869 2.2849704265050623
Ar 2.1173632069571102 3.386841146212743 9.771639064698867
Ar 3.9620127029256373 7.4129636312366936 0.47825290801973885
Ar 4.179441105499619 8.906318373287561 6.40618932697291
